Q2	epsilon	error	sigma/sigma_D
0.01128	0.9999998253625056	0.00320720375562844	0.989332
0.011271999999999999	0.9999998254867613	0.003191578635596441	0.9929241
0.011286	0.9999998252693134	0.0032021457311441092	0.9914185999999999
0.011268	0.999999825548889	0.0031652453568299585	0.9923315999999999
0.011286	0.9999998252693134	0.003910020583802208	0.9977134
0.011285	0.9999998252848455	0.003851389421019717	0.9903783000000002
0.011281	0.9999998253469736	0.0038627448045840196	0.9878982
0.011281	0.9999998253469736	0.003916928279204306	0.9922938
0.011269	0.9999998255333571	0.003877821094796057	0.9889109
0.011271999999999999	0.9999998254867613	0.004336465364399531	0.9944825999999999
0.011283	0.9999998253159096	0.004316736796911507	0.9892286
0.012837999999999999	0.9999998011529041	0.0037481330355174174	0.9992484
0.012836000000000002	0.9999998011839956	0.003639333565721697	0.9895783000000001
0.01284	0.9999998011218123	0.0035819990294625337	0.990715
0.01284	0.9999998011218123	0.003586599354809795	0.988978
0.012837999999999999	0.9999998011529041	0.00368460174023679	0.9985101999999999
0.012837999999999999	0.9999998011529041	0.003692140593925915	0.9982923
0.014480000000000002	0.9999997756147663	0.003278898591543412	0.9915431
0.014480000000000002	0.9999997756147663	0.0032767305161843464	0.9915593
0.014481	0.9999997755992058	0.0032816511406603324	0.993451
0.014480000000000002	0.9999997756147663	0.003290037472117081	0.9925719999999999
0.016191999999999998	0.9999997489624852	0.0033186536068889466	0.9920336
0.016191999999999998	0.9999997489624852	0.0033081735929824	0.9892777
0.016197	0.9999997488846076	0.006336904596652464	0.9851943000000001
0.016193	0.9999997489469098	0.003252714975084052	0.9924661
0.016193	0.9999997489469098	0.0036963417581547912	0.993058
0.017978	0.9999997211305108	0.005753292627637302	0.9872895
0.017979	0.9999997211149196	0.0034751942835684743	0.9823356
0.017975	0.9999997211772849	0.0031120576038353672	0.9923164000000001
0.019801	0.9999996926928136	0.005369181597512015	0.9893591999999999
0.019803	0.9999996926615986	0.0033649432073355754	0.9856027
0.019803	0.9999996926615986	0.005502948613418925	0.9829018
0.019803	0.9999996926615986	0.0038193109228156484	0.9868014999999999
0.019803	0.9999996926615986	0.0035201115135165217	0.986778
0.021699	0.9999996630538842	0.004112464719296318	0.9866159
0.021694	0.9999996631320055	0.002673753062977371	0.9838853000000001
0.021700999999999998	0.9999996630226357	0.0055283313036812885	0.9963605
0.0217	0.9999996630382599	0.0032564131987698436	0.9815812
0.021694	0.9999996631320055	0.0034542700810052214	0.9856447
0.023627000000000002	0.9999996329138094	0.003449447934989701	0.9814401
0.023633	0.9999996328199612	0.004004919859783558	0.9811390999999999
0.023634	0.9999996328043198	0.0031199813331431914	0.9861559999999999
0.023635	0.9999996327886784	0.003130486265640042	0.9864848
0.0256	0.9999996020361706	0.005048798582666655	0.9779260000000001
0.025593	0.9999996021457822	0.003211148654094938	0.977766
0.025599	0.9999996020518294	0.00372647679316833	0.9781316999999999
0.025601	0.9999996020205117	0.005183939073967464	0.9848629000000001
0.025599	0.9999996020518294	0.002668391383574882	0.9811348
0.027607999999999997	0.9999995705753744	0.004909399544734156	0.9817723
0.027602999999999996	0.9999995706537574	0.002804720316301026	0.9813738999999999
0.027602999999999996	0.9999995706537574	0.002883283683208559	0.9804233
0.027608999999999998	0.9999995705596977	0.002841545529982759	0.9776113000000001
0.029635	0.9999995387806665	0.0026359369203656606	0.9777232
0.031691000000000004	0.999999506493896	0.002629132189020423	0.9805226999999999
0.033759	0.9999994739809075	0.0027435787396780406	0.9802101999999999
0.033757999999999996	0.9999994739966386	0.0027366900239901796	0.9757655000000001
0.03587	0.999999440752801	0.0027669570098667606	0.9847440000000001
0.035869	0.9999994407685509	0.0027743457630611816	0.984382
0.037961	0.9999994078005859	0.0027772366490996982	0.9809145
0.037962	0.9999994077848176	0.002772148190541524	0.9783351999999998
0.040052	0.9999993748096377	0.0026649146148076596	0.9784908000000001
0.042157	0.9999993415586793	0.0029132349087038927	0.9822459000000001
0.042158	0.9999993415428738	0.0029145826685717372	0.9805318000000001
0.044252	0.999999308426707	0.0029793454381634274	0.9831595999999999
0.044255	0.9999993083792348	0.002951177666697622	0.9774255999999999
0.046339	0.9999992753825918	0.0045268268241498025	0.9767948000000001
0.046338	0.9999992753984344	0.0032922408647280193	0.9806718000000001
0.046336	0.9999992754301195	0.0030483598656970102	0.9801281999999999
0.048418	0.9999992424267766	0.004976325793078443	0.9773790000000001
0.048418	0.9999992424267766	0.003135443972170449	0.9820928
0.05047	0.9999992098614084	0.00514181497883138	0.9795928
0.050468	0.9999992098931668	0.003477687153274226	0.9808957
0.050467000000000005	0.9999992099090459	0.0032071080956935956	0.9733412
0.050466000000000004	0.999999209924925	0.005539523526000574	0.9736101999999999
0.050467000000000005	0.9999992099090459	0.004162496588616201	0.9748493
0.050468	0.9999992098931668	0.0035028888435872044	0.9791620999999999
0.052490999999999996	0.9999991777515475	0.005594861986669851	0.9822479
0.052492	0.9999991777356504	0.0032567262494453057	0.9821254999999999
0.054499	0.999999145812392	0.0037741564580747945	0.9747709999999999
0.05449400000000001	0.9999991458919663	0.005706475223996954	0.9804398000000001
0.054495	0.9999991458760514	0.0031744552492173274	0.9764456
0.056484000000000006	0.9999991142039609	0.005566791335859296	0.9744345
0.056484000000000006	0.9999991142039609	0.003909435916739885	0.9831736999999999
0.056484000000000006	0.9999991142039609	0.003895657599738654	0.9790664000000001
0.058421	0.9999990833262091	0.005849192299063127	0.9802346
0.058421	0.9999990833262091	0.0039695895467489395	0.9799306999999999
0.058422	0.9999990833102596	0.0036773463808123462	0.9825145000000001
0.060326	0.9999990529261453	0.005713694953433345	0.9799268
0.060327	0.9999990529101789	0.0039340612773113145	0.9847985999999999
0.060327	0.9999990529101789	0.003976985122165026	0.9786461999999999
0.060327	0.9999990529101789	0.003980473382026161	0.979584
0.060326	0.9999990529261453	0.0039633250570357895	0.9819353999999999
0.062203999999999995	0.9999990229254737	0.005348556039652584	0.9889484000000001
0.062203999999999995	0.9999990229254737	0.003882419500288006	0.9774475
0.062203999999999995	0.9999990229254737	0.0036134926041547165	0.9806709000000001
0.064042	0.9999989935335347	0.005544330179246162	0.9818041
0.06404299999999999	0.9999989935175353	0.00441439481325816	0.9772877000000001
0.064044	0.9999989935015359	0.00367690905883834	0.9807171999999998
0.065843	0.9999989647042364	0.005755808388498017	0.9790829
0.065844	0.9999989646882209	0.004073317488709219	0.9819421999999999
0.065838	0.999998964784313	0.00376867699939503	0.9832934000000001
0.054498000000000005	0.999999145828307	0.0036523568035695055	0.9860211
0.003843	0.9999999406290493	0.004557873399500332	0.9950863000000001
0.003839	0.9999999406909137	0.004541834883641665	0.9984134
0.004031	0.9999999377212598	0.004673233717546802	0.9942046999999998
0.004028	0.9999999377676632	0.00462112029834082	0.9925642
0.004031	0.9999999377212598	0.004789525947147688	1.0000514999999999
0.004031	0.9999999377212598	0.004718240629472084	0.9926021
0.004227000000000001	0.9999999346894015	0.0048001403725906056	0.9953972
0.004425999999999999	0.999999931610789	0.004805024880091361	0.9992711
0.004425999999999999	0.999999931610789	0.004753766409614915	0.9951851
0.004626	0.9999999285163529	0.005327993557130669	0.9925083
0.004626	0.9999999285163529	0.005317091824532893	0.9897181
0.004626	0.9999999285163529	0.004522206914103284	0.9975261000000001
0.004625	0.9999999285318261	0.004416187535616983	0.9947113000000001
0.004833	0.9999999253132383	0.004371058423477442	0.9939621
0.004838	0.9999999252358638	0.004364956602591975	0.9891423
0.005051	0.9999999219394997	0.004535269205659216	1.001099
0.005047	0.9999999220014069	0.004546510493985754	1.0012091
0.005046	0.9999999220168837	0.003966505012263358	0.9956915999999999
0.005046	0.9999999220168837	0.0039642808840217	0.9957003000000001
0.0052710000000000005	0.9999999185343825	0.004011590575653879	1.0001859
0.0052710000000000005	0.9999999185343825	0.004019375491548519	0.9984995000000001
0.005272	0.9999999185189038	0.004012352649159863	0.9990216000000001
0.005266	0.9999999186117763	0.003999410063627917	0.9961042999999999
0.005487	0.9999999151907598	0.003948872478118635	0.9963337
0.005487	0.9999999151907598	0.004501009204525021	0.9939495999999999
0.0057079999999999995	0.9999999117693106	0.007261256445283594	0.9908163000000001
0.005707	0.9999999117847932	0.004342413609701214	0.9934245
0.005707	0.9999999117847932	0.003845749699047048	1.0002669
0.005713	0.9999999116918972	0.006678206361315491	0.9955613999999999
0.005707	0.9999999117847932	0.004108671331177416	0.9960413
0.0057079999999999995	0.9999999117693106	0.006870915323978207	0.9924669
0.00594	0.9999999081770976	0.004751452477974874	0.9959584999999999
0.005940999999999999	0.9999999081616129	0.004359519499403476	0.9964636999999998
0.005940999999999999	0.9999999081616129	0.0050623273972959714	1.0011946
0.005940999999999999	0.9999999081616129	0.003163793279474008	0.9993619
0.006168	0.9999999046463549	0.006916802280089692	1.0021082000000001
0.006174	0.9999999045534346	0.0039814192191724275	0.9922109
0.006174	0.9999999045534346	0.004233592599464352	0.9938681
0.006174	0.9999999045534346	0.004164679950432001	0.9919471
0.006168	0.9999999046463549	0.0048892821925700805	0.9902464
0.0064150000000000006	0.9999999008208642	0.003758931902511016	0.9905792
0.0064150000000000006	0.9999999008208642	0.0037733127797862738	0.9913238999999999
0.0064150000000000006	0.9999999008208642	0.0061869863904022195	0.993877
0.006412999999999999	0.999999900851842	0.003810821472318002	0.9966629000000001
0.0064150000000000006	0.9999999008208642	0.004474232669680056	0.9921241
0.006645999999999999	0.9999998972426895	0.0064008259032393685	0.9941332
0.006645999999999999	0.9999998972426895	0.003111730547054067	0.9963409
0.006645999999999999	0.9999998972426895	0.005934819534644258	0.998391
0.006645999999999999	0.9999998972426895	0.0031921370484357565	0.9981764000000001
0.006645999999999999	0.9999998972426895	0.003300557504793474	0.9967948
0.006645999999999999	0.9999998972426895	0.003242078839879867	0.9925564
0.006895	0.9999998933851669	0.005851060167706357	0.9847521999999999
0.006895	0.9999998933851669	0.0029645564882790454	0.9922271999999999
0.007144	0.9999998895270951	0.0028798134437551834	0.9933930000000001
0.007390000000000001	0.9999998857149667	0.0029698020750288036	0.9926046999999999
0.007390000000000001	0.9999998857149667	0.002986684343807941	0.9970129999999999
0.007652	0.9999998816543059	0.002932088075983367	0.9940681
0.007652	0.9999998816543059	0.00292986296844445	0.9894424
0.007906	0.9999998777170541	0.0028845953411092942	0.9918826
0.007911	0.9999998776395435	0.0028907302569217987	0.9932145
0.008175	0.9999998735466648	0.002677098865300951	0.9933228999999999
0.008431000000000001	0.999999869577223	0.002876558271584096	0.9905992
0.008431000000000001	0.999999869577223	0.0028857284163720433	0.9912948
0.008713	0.9999998652039631	0.0029196824147639435	0.9934795
0.008712000000000001	0.9999998652194724	0.0028951635228465773	0.9902337999999999
0.008981	0.9999998610471628	0.0047311981911795364	0.9907815000000001
0.008981	0.9999998610471628	0.0032748563039733183	0.9965936
0.00898	0.9999998610626744	0.002962597046473511	0.9907201999999999
0.009259	0.9999998567345855	0.00515475070221302	0.9851165999999999
0.009259	0.9999998567345855	0.0030209488068635576	0.9895841999999999
0.00954	0.9999998523747743	0.005306039347213397	0.9998345999999999
0.009539	0.9999998523902909	0.003391220202726913	0.9910873
0.009539	0.9999998523902909	0.0030932657320736487	0.9875549000000001
0.009545	0.9999998522971912	0.0057943959326253475	0.9927059000000001
0.009545	0.9999998522971912	0.004123812696970757	0.9896722
0.009545	0.9999998522971912	0.003278496182009587	0.9911131999999999
0.009836	0.9999998477814767	0.0057129855374816255	0.9959635
0.009836	0.9999998477814767	0.0028595726417420084	0.9950804
0.010112999999999999	0.9999998434823159	0.003464576386334213	0.9897386
0.010112999999999999	0.9999998434823159	0.0057062062676016935	0.9880893
0.010112999999999999	0.9999998434823159	0.0026888606219468967	0.9925848
0.010409999999999999	0.9999998388719917	0.005476870981087163	0.9897466
0.010409999999999999	0.9999998388719917	0.003516764938375763	0.9934598
0.010409999999999999	0.9999998388719917	0.003619547457089305	0.9922626
0.010705	0.9999998342919402	0.005706770927320436	1.0015143
0.010705	0.9999998342919402	0.0035140123950671725	0.9926828000000001
0.010705	0.9999998342919402	0.003139438809620559	0.9915044
0.011003	0.9999998296645292	0.005403037338017054	0.990135
0.011003	0.9999998296645292	0.003369185454723104	0.9921235
0.011003	0.9999998296645292	0.0034453565826007286	0.9915333000000001
0.011003	0.9999998296645292	0.0034458147887888183	0.9915444
0.011003	0.9999998296645292	0.003411103298893628	0.9908209000000001
0.011304999999999999	0.9999998249742028	0.004862162236557629	0.9900810999999999
0.011304999999999999	0.9999998249742028	0.003260734359160486	0.994343
0.011304999999999999	0.9999998249742028	0.0029155255343979304	0.9939975000000001
0.011609	0.9999998202519991	0.005032886321953083	0.9971401
0.011609	0.9999998202519991	0.004033667715116208	0.9903876
0.011609	0.9999998202519991	0.0028999116810541877	0.9910457
0.011917	0.9999998154668263	0.005138345832251519	0.9897106
0.011917	0.9999998154668263	0.0032895746845348047	0.9908455
0.011917	0.9999998154668263	0.0029284169049315282	0.9930527
0.012228	0.999999810634192	0.0029559843169725177	0.9877748
0.012228	0.999999810634192	0.0029139220486960582	0.9882066999999999
0.012542	0.9999998057540718	0.0029627282832108636	0.9928963
0.012542	0.9999998057540718	0.003112567161733862	0.9920787
0.012859	0.9999998008264404	0.0035208795220646447	0.9936021999999999
0.010112999999999999	0.9999998434823159	0.0036278100050155635	0.9971949000000001
0.010112999999999999	0.9999998434823159	0.005963595385884619	0.989777
0.010112999999999999	0.9999998434823159	0.0027961266089028772	0.9983473
0.012859	0.9999998008264404	0.0035250913360197257	0.9896655000000001
0.012859	0.9999998008264404	0.003644335411264803	0.9995924999999999
0.013184999999999999	0.9999997957579795	0.0039229624661248266	0.9906546
0.013184999999999999	0.9999997957579795	0.003928737824719606	0.9936324000000001
0.013502000000000002	0.9999997908285427	0.003671015152703718	0.989815
0.013503	0.9999997908129911	0.0036736763388301066	0.9905042
0.013828	0.9999997857582251	0.003427812161097804	0.9917552
0.013828	0.9999997857582251	0.003407627864137174	0.9882269
0.014150999999999999	0.9999997807336386	0.0033686185885338426	0.9902339
0.014150999999999999	0.9999997807336386	0.0033911003426995365	0.9951662
0.014823	0.9999997702770488	0.005962600146586057	0.9884033000000001
0.014823	0.9999997702770488	0.003787713878076822	0.9943943999999999
0.014823	0.9999997702770488	0.003404741348702985	0.9935594000000001
0.0155	0.9999997597386124	0.0030085611635184703	0.9911544
0.0155	0.9999997597386124	0.0030072790235069783	0.989575
0.016187	0.9999997490403626	0.0030801177010407557	0.9909084
0.016188	0.9999997490247873	0.0030664351743786	0.9863379999999999
0.016535	0.9999997436195667	0.00515302456804976	0.9823584000000001
0.016535	0.9999997436195667	0.0033388896140459645	0.9821620999999999
0.016535	0.9999997436195667	0.0030467703874209745	0.9859157
0.016885	0.999999738166535	0.005159089336598781	0.9903668
0.016885	0.999999738166535	0.0033431026083019263	0.9878515999999999
0.016886	0.9999997381509533	0.003041423916987488	0.9862426
0.017238	0.9999997326656639	0.005166251728951437	0.9823383
0.017238	0.9999997326656639	0.0033856586094246975	0.9896986999999999
0.017238	0.9999997326656639	0.003082375920692432	0.9896244000000001
0.0176	0.9999997270233978	0.005242313009640844	0.9842991
0.0176	0.9999997270233978	0.0034002865708933454	0.9831628000000001
0.0176	0.9999997270233978	0.0031175668210389096	0.9902818999999999
0.01795	0.9999997215670644	0.0052305474537663234	0.9873546000000001
0.01795	0.9999997215670644	0.0034525286828315438	0.9888306
0.01795	0.9999997215670644	0.0031181214005267365	0.9848020000000001
0.01831	0.999999715953704	0.005125488962659896	0.9905343000000001
0.01831	0.999999715953704	0.0033746888035643386	0.9808777
0.01831	0.999999715953704	0.0030941426856144166	0.9869868
0.018678999999999998	0.9999997101988182	0.005112745509169663	0.9877478000000001
0.018678999999999998	0.9999997101988182	0.003405188702488726	0.9814519
0.019036	0.9999997046299353	0.005162308256357397	0.9828126
0.019036	0.9999997046299353	0.0034808673510021556	0.9939916
0.019036	0.9999997046299353	0.003163410500960643	0.9909187
0.019402000000000003	0.9999996989194886	0.005223326064647071	0.9861204
0.019403	0.9999996989038847	0.003530252650611951	0.9950385
0.019403	0.9999996989038847	0.0029807692968081417	0.9873354999999999
0.019764	0.9999996932702839	0.005103762050814919	0.9850779000000001
0.019764	0.9999996932702839	0.003496877279301138	0.9889838
0.019764	0.9999996932702839	0.00303207086115197	0.9843765
0.020142	0.9999996873701519	0.0032183072853840776	0.9833195
0.020142	0.9999996873701519	0.003953244679949582	0.9831025
0.020513999999999998	0.999999681562437	0.0030574793454434266	0.9825855
0.020513999999999998	0.999999681562437	0.0030630186752954275	0.9850877
0.020888999999999998	0.9999996757066453	0.0030754861940390254	0.9790418
0.020888999999999998	0.9999996757066453	0.005208704241018304	0.9846704
0.020888999999999998	0.9999996757066453	0.0033037112256857604	0.9874031999999999
0.021266	0.9999996698183671	0.0031164010724953994	0.9791853000000001
0.021266	0.9999996698183671	0.003933560407284407	0.985815
0.029547000000000004	0.9999995401617551	0.0037411903671242786	0.9744212
0.029547000000000004	0.9999995401617551	0.0037431331837918243	0.9753573
0.054477	0.9999991461625166	0.004950050064219307	0.9821863999999999
0.054477	0.9999991461625166	0.007319279412996449	0.9765075000000001
0.054479	0.9999991461306874	0.004182172741793888	0.9805019
0.054479	0.9999991461306874	0.004689843738896186	0.9709800999999999
0.042134	0.9999993419222036	0.003995667138712529	0.9837174999999999
0.042133	0.9999993419380089	0.00399558425149889	0.9853339
0.044216000000000005	0.9999993089963677	0.004056288460800757	0.9807334999999999
0.044217	0.9999993089805439	0.004037673834419291	0.9755493000000001
0.046310000000000004	0.9999992758420222	0.004595491662002471	0.9837063
0.046311	0.99999927582618	0.004027663235211295	0.9816905999999999
0.048369999999999996	0.9999992431880932	0.004123561997117339	0.9795630999999999
0.048369	0.9999992432039537	0.004133098472517251	0.9796306999999999
0.05248	0.9999991779264145	0.0068111064154730405	0.9807219000000001
0.05248200000000001	0.9999991778946206	0.004691881788086368	0.9783609000000001
0.05248099999999999	0.9999991779105175	0.004347920853751233	0.9772219999999999
0.056455	0.9999991146659979	0.0041600516819660874	0.9765088
0.056455	0.9999991146659979	0.0041772153568007285	0.9804541999999999
0.060323	0.9999990529740448	0.004351246001127952	0.9780534
0.060322	0.9999990529900112	0.0043585373814159145	0.9804093
0.062189999999999995	0.9999990231492366	0.006400931134612139	0.9812915000000001
0.062188	0.9999990231812026	0.004441950107715291	0.9834991
0.064024	0.9999989938215226	0.00649787938466869	0.9824440999999999
0.064026	0.9999989937895241	0.004773455539622657	0.9811201999999999
0.064025	0.9999989938055233	0.004481454968081474	0.9733055
0.065847	0.9999989646401748	0.006624327259554072	0.9771244000000001
0.065846	0.9999989646561902	0.0049170355022601945	0.9857978000000001
0.065846	0.9999989646561902	0.004901032371726178	0.9816282
0.067596	0.9999989366156896	0.0067675753851049935	0.9846876
0.067595	0.9999989366317205	0.004968508537023135	0.9787754999999999
0.067596	0.9999989366156896	0.004709122289789248	0.9802466999999999
0.069275	0.999998909687324	0.0051005770372509985	0.9822814000000001
0.069275	0.999998909687324	0.004815043427042255	0.9823079
0.070965	0.9999988825573105	0.00697871638788118	0.977275
0.070963	0.999998882589432	0.0052031402019131045	0.9797475
0.070962	0.9999988826054927	0.004932652316453977	0.9824146
0.07256699999999999	0.9999988568166176	0.007108486866943559	0.9845731
0.072568	0.9999988568005427	0.005327136712098907	0.9817286
0.074049	0.999998832983816	0.00725459422870983	0.9795370000000001
0.074049	0.999998832983816	0.005469684909964242	0.987843
0.074049	0.999998832983816	0.0051769689462533575	0.9893463
0.07557699999999999	0.9999988083908861	0.007484212370198541	0.9847665999999999
0.077078	0.999998784212372	0.00748249665576642	0.9884850000000001
0.07707699999999999	0.9999987842284869	0.005699209420658529	0.9879789000000001
0.077078	0.999998784212372	0.005250631266795365	0.9890532
0.078472	0.9999987617395613	0.005540704113223472	0.9926155000000001
0.078472	0.9999987617395613	0.00633854889677508	0.9951939000000001
0.07977000000000001	0.9999987407988933	0.005438030018259014	0.989079
0.07976799999999999	0.9999987408311708	0.005451396309840299	0.9922456000000001
0.081062	0.9999987199401957	0.005559315210163883	0.9916290000000001
0.081064	0.9999987199078954	0.007963484576148127	0.9951254999999999
0.081062	0.9999987199401957	0.005767959133087348	0.9912001
0.082233	0.9999987010222031	0.005652356336464301	0.9867933000000001
0.082231	0.9999987010545244	0.0065172943937690745	0.9866113000000001
0.083428	0.9999986817039522	0.005785137250660936	0.9915287
0.083428	0.9999986817039522	0.005753043201522358	0.9855236999999999
0.047935000000000005	0.9999997551451477	0.0029550444648475203	0.9789353999999999
0.04793	0.9999997551710329	0.0032423532185879545	0.9762035
0.047932	0.9999997551606787	0.0029341414514135905	0.9727982
0.047939999999999997	0.9999997551192621	0.002937426520235818	0.9745974000000001
0.047938999999999996	0.9999997551244393	0.003085625373103478	0.9756617
0.047929	0.99999975517621	0.0029411549868180106	0.9742453999999999
0.047922	0.9999997552124492	0.002914787142616167	0.9697640999999999
0.047932999999999996	0.9999997551555017	0.0026920190204679168	0.9778413
0.047938	0.9999997551296164	0.0026886538169628915	0.9765101
0.047925	0.9999997551969181	0.0026762134253425626	0.9780161
0.047925	0.9999997551969181	0.0026864765239492153	0.9757604
0.047927	0.9999997551865641	0.0026849326628646314	0.9731110999999999
0.047929	0.99999975517621	0.0026929469696321926	0.9782599000000001
0.047915	0.9999997552486884	0.002626874853172638	0.975657
0.058152999999999996	0.999999702095486	0.0027510229845154584	0.9776923000000001
0.05816	0.9999997020590405	0.002753501332397378	0.9753655000000001
0.05815	0.9999997021111056	0.002754509191373523	0.9738747999999999
0.058151999999999995	0.9999997021006926	0.0027637390759760005	0.9770313
0.058158	0.9999997020694535	0.002747936326285524	0.9708405000000001
0.058154	0.9999997020902796	0.0027619610807222317	0.9773482
0.068797	0.9999996465143849	0.0027265930369834456	0.9726261999999999
0.06879	0.9999996465510449	0.002777801181545375	0.973081
0.06880399999999999	0.9999996464777249	0.002779357766629208	0.9706908000000001
0.06880800000000001	0.9999996464567762	0.0027802912727364283	0.9714084000000001
0.079705	0.999999589216197	0.003344826189665778	0.9671318999999999
0.07971900000000001	0.9999995891424368	0.0029335765467385626	0.9718348
0.079729	0.9999995890897506	0.0028760208723249557	0.9710835999999999
0.090777	0.9999995307060824	0.003140370721661554	0.9680964
0.090771	0.9999995307378851	0.0031626335584433664	0.9725412
0.10185	0.9999994718375431	0.0034871116294184256	0.974615
0.112804	0.9999994132541529	0.0038340346919301417	0.9688904
0.11278599999999998	0.9999994133507024	0.0038480195303391925	0.97303
0.12353099999999999	0.9999993555498128	0.0034691194625407857	0.9765367
0.123529	0.9999993555606025	0.0034907736985119466	0.9751702
0.134023	0.9999992987889492	0.003967098953771799	0.970864
0.134023	0.9999992987889492	0.003996233799563162	0.9740462999999999
0.133976	0.9999992990439225	0.003961795615385656	0.9721223
0.133994	0.9999992989462739	0.003916515986675005	0.9698965
0.144119	0.9999992438710046	0.004033009136573393	0.9748989
0.14411500000000002	0.999999243892821	0.004027458374238967	0.9752390999999999
0.042987	0.9999997807260527	0.0036691827953059166	0.972025
0.042983	0.9999997807467041	0.0036753540754317225	0.9780318000000001
0.042989	0.9999997807157273	0.0038686879305674503	0.9763903
0.042983999999999994	0.9999997807415413	0.0029482215462330466	0.9775659999999999
0.042983	0.9999997807467041	0.002947618216669015	0.9786606
0.042983	0.9999997807467041	0.0029490532297261904	0.9777851000000001
0.042988	0.9999997807208901	0.0029480735676154944	0.9776662
0.042987	0.9999997807260527	0.0027058869672321735	0.9762966999999999
0.042986	0.9999997807312156	0.0027057228985946373	0.9785296999999998
0.052994000000000006	0.9999997289174859	0.0027056365297658544	0.9795645000000001
0.052988	0.9999997289486356	0.002704761445032519	0.9777425999999999
0.052988	0.9999997289486356	0.0026989000725378956	0.9785562
0.05299500000000001	0.9999997289122942	0.0027078414032693197	0.9777843
0.05297999999999999	0.9999997289901685	0.002694232783483099	0.9731409
0.052988	0.9999997289486356	0.0026964605539758725	0.9751415999999999
0.063415	0.9999996746590244	0.0026247816474638704	0.9729460999999999
0.063413	0.9999996746694677	0.0026251844685108742	0.9731579
0.063412	0.9999996746746894	0.002630125542832753	0.9752174000000001
0.063413	0.9999996746694677	0.0025901413942955617	0.9759614
0.074213	0.9999996181077329	0.002566992597314737	0.9695271999999999
0.07421900000000001	0.9999996180762162	0.0025703385663829736	0.9711661
0.074214	0.9999996181024801	0.0028478275161743956	0.9707021999999998
0.07422100000000001	0.9999996180657107	0.002853344653432239	0.972772
0.085226	0.9999995600845424	0.003068578715265945	0.9680559000000001
0.085213	0.9999995601532402	0.0031044240042511933	0.9732046
0.085216	0.9999995601373871	0.003073559940121912	0.9702495000000001
0.085221	0.9999995601109647	0.003096416392594454	0.968233
0.096314	0.9999995013133002	0.0035324848489703808	0.970931
0.10728199999999999	0.9999994428297152	0.0038464293108068748	0.9709529
0.107279	0.9999994428457591	0.003834189254799607	0.9703511999999999
0.118153	0.9999993845214178	0.003996205754799122	0.9709015
0.118154	0.9999993845160384	0.004008308331094888	0.9714923000000001
0.128804	0.9999993270629534	0.0038828746430190617	0.9737674999999999
0.13911800000000002	0.9999992711110209	0.003985015229545447	0.9714395
0.128788	0.9999993271495129	0.0038078980832554387	0.9689536
0.12878399999999998	0.9999993271711526	0.003908577878588731	0.9741184000000002
0.139068	0.9999992713830028	0.0039898845321204145	0.974165
0.139073	0.9999992713558048	0.004011157963343854	0.9724333000000001
0.011079	0.9999999439956438	0.00478303169400262	0.9858376
0.011631	0.9999999411960411	0.0032285662320078973	0.9873363000000002
0.01163	0.9999999412011136	0.00322622964293626	0.9880683000000001
0.012217	0.9999999382230389	0.0032805531589979514	0.9904613999999999
0.012218000000000001	0.9999999382179646	0.0032984540942461913	0.9899771999999999
0.012806	0.9999999352338202	0.003391546967178508	0.9844189
0.012806	0.9999999352338202	0.0034058741319927034	0.9926546999999999
0.013406	0.9999999321877489	0.0034574733954004905	0.9889549999999999
0.013406	0.9999999321877489	0.0032753457804241895	0.9899220999999999
0.013406	0.9999999321877489	0.003290172798233995	0.9923056
0.014019	0.9999999290746089	0.003346112541087975	0.9850238000000001
0.014018000000000001	0.9999999290796883	0.003368485123325327	0.9890038000000001
0.014643000000000002	0.9999999259044938	0.003451170735432027	0.9859915000000001
0.014643000000000002	0.9999999259044938	0.0034553801681530332	0.9877107
0.014641999999999999	0.9999999259095748	0.0032504682678427756	0.9902575000000001
0.014643000000000002	0.9999999259044938	0.0032619296393916	0.9902413000000001
0.015280000000000002	0.9999999226671782	0.0033537879740852946	0.9917456
0.015280000000000002	0.9999999226671782	0.003356842094809528	0.9910888000000001
0.015941	0.9999999193066565	0.0034447331102449605	0.9896834000000001
0.015941	0.9999999193066565	0.0034499531827486083	0.9908341
0.015941	0.9999999193066565	0.003119656105243176	0.9862790000000001
0.015941	0.9999999193066565	0.003124041311990779	0.9895367
0.016587	0.9999999160211791	0.0031962142023674797	0.9870002
0.016588	0.9999999160160923	0.0031418426679151665	0.9898601999999999
0.016587	0.9999999160211791	0.003133764391807128	0.9897174999999999
0.016588	0.9999999160160923	0.0032015556442273325	0.9876808000000001
0.017259	0.999999912602194	0.003302848860604018	0.9820933000000001
0.017259	0.999999912602194	0.0033090908788264086	0.984585
0.017259	0.999999912602194	0.002827773048478125	0.9846593000000001
0.017259	0.999999912602194	0.00282863305478904	0.9837684999999999
0.017956	0.9999999090546406	0.003256182861140331	0.9834132
0.017956	0.9999999090546406	0.003263338826852824	0.9870882
0.017957	0.99999990904955	0.0036441976213772305	0.9852144
0.018635	0.999999905597358	0.003226850020074758	0.988575
0.018636	0.9999999055922653	0.00315660566961522	0.9872979
0.018636	0.9999999055922653	0.003216210717436727	0.9867950999999999
0.018636	0.9999999055922653	0.0032447405886230785	0.9836937
0.019341	0.9999999020011909	0.0033127111983279603	0.9917321
0.019341	0.9999999020011909	0.003330236631070388	0.9858110999999999
0.020071000000000002	0.9999998982812652	0.003253039274887803	0.9860515
0.020071000000000002	0.9999998982812652	0.003272938178844755	0.9877488000000001
0.020783000000000003	0.9999998946515859	0.0035663132212538236	0.9881829
0.021519999999999997	0.9999998908929224	0.0033875978520780383	0.9871530000000001
0.022268	0.9999998870765604	0.003508535634255584	0.9870485999999999
0.022268	0.9999998870765604	0.0035076760972307646	0.9908876
0.023025999999999998	0.9999998832075341	0.003410692470070855	0.9837259
0.023025999999999998	0.9999998832075341	0.0034224078099007386	0.9878215
0.023795	0.9999998792806701	0.0035145496226228947	0.9921603000000001
0.023795	0.9999998792806701	0.0035134885263688495	0.9893721
0.024572999999999998	0.9999998753061158	0.0033061383947786513	0.9876363000000001
0.024584	0.9999998752499076	0.0033291532579489765	0.9899037
0.025378	0.9999998711917922	0.0035230401694113533	0.9887234
0.026158999999999998	0.9999998671983484	0.003513598613882026	0.9809537
0.026158999999999998	0.9999998671983484	0.0035245421727322602	0.9810865
0.027001	0.9999998628910295	0.003524167599821184	0.9758290999999999
0.025378	0.9999998711917922	0.0032053130385812575	0.9731354999999999
0.025377	0.9999998711969044	0.003283907617662722	0.9772725
0.026161	0.9999998671881198	0.0033698821200101505	0.9807367
0.026170999999999996	0.9999998671369759	0.0033597650852301895	0.9846090000000001
0.026968000000000002	0.9999998630598821	0.0033867886244037084	0.9830693000000001
0.026979000000000003	0.9999998630035981	0.003412417418049256	0.9821786
0.027813	0.9999998587352443	0.0034679591025482343	0.9793476999999999
0.027814	0.9999998587301251	0.003468707063262725	0.9831866
0.028612000000000002	0.9999998546441393	0.0029481289385273764	0.9806220999999999
0.028645	0.9999998544751306	0.003512735448208081	0.9860614
0.028622	0.9999998545929248	0.0034664917218886876	0.9818978
0.029477	0.9999998502130238	0.002888465880142417	0.9810489
0.030320999999999997	0.9999998458874079	0.002808278094395736	0.9826904000000001
0.031180000000000003	0.9999998414828087	0.002978313033157265	0.9793163
0.031180000000000003	0.9999998414828087	0.0029601029186900013	0.9801545
0.032018	0.9999998371838414	0.0030624266666617658	0.9804212
0.032018	0.9999998371838414	0.0030400015247968063	0.9826386999999999
0.033783999999999995	0.9999998281175833	0.002641401914400953	0.9761411
0.033783999999999995	0.9999998281175833	0.0026601838777787637	0.9786478000000001
0.034676	0.9999998235348366	0.0026168970105426665	0.9806110999999998
0.034676	0.9999998235348366	0.002617619409324521	0.9758911
0.03555	0.9999998190423449	0.0029594010367349557	0.9801431
0.03555	0.9999998190423449	0.0026512964811453033	0.9795780999999999
0.036479000000000004	0.9999998142647331	0.003993482101764276	0.9739306000000001
0.037391	0.9999998095721309	0.003833890871962151	0.978024
0.037391	0.9999998095721309	0.0038246274941103253	0.9758613000000002
0.039252999999999996	0.9999997999839643	0.003042760475266855	0.9784894000000001
0.032913	0.9999998325902293	0.0026183003855010547	0.9750706
0.039252999999999996	0.9999997999839643	0.003042529928115812	0.9797738000000001
0.040168999999999996	0.9999997952634583	0.0028887676353737276	0.9837736999999999
0.040168	0.999999795268613	0.002891863010390126	0.9797386999999999
0.041082	0.9999997905560083	0.002762145656360549	0.9758254000000001
0.041109	0.9999997904167589	0.0027592599338822216	0.9762235
0.042074	0.9999997854385113	0.002757347764002517	0.9804364999999999
0.042076	0.9999997854281909	0.0027498502446787546	0.9787225
0.043011	0.9999997806021441	0.0027737848703807922	0.9811488000000002
0.04301	0.9999997806073071	0.0027629562314042387	0.9779424000000001
0.043972000000000004	0.9999997756392739	0.002683682752142036	0.9731518
0.044957	0.9999997705497011	0.002706918771574401	0.9749098
0.044957	0.9999997705497011	0.002693475786611392	0.9760115
0.045912	0.9999997656124732	0.0027267589368888106	0.9749399
0.045912	0.9999997656124732	0.00270139651738934	0.9766616
0.046891	0.9999997605484422	0.002730312744370832	0.9803280000000001
0.046892	0.9999997605432681	0.002738992690094442	0.9768315999999999
0.047878	0.9999997554402361	0.002767235383022546	0.9734215
0.047876999999999996	0.9999997554454128	0.0027791438202444453	0.9749014000000001
0.048869	0.9999997503085056	0.0025775121334176646	0.9752213
0.048869	0.9999997503085056	0.00258279427426918	0.9790361999999999
0.048869	0.9999997503085056	0.00259227681544545	0.9769333
0.11275999999999999	0.9999994134901617	0.004070465237443817	0.9760694999999999
0.112766	0.9999994134579792	0.003966907915386269	0.9762926
0.112756	0.9999994135116169	0.003960257712888514	0.9773482
0.149044	0.9999992169745325	0.005221269961047416	0.9727026
0.112755	0.9999994135169805	0.0038548744530857134	0.9762482
0.112767	0.9999994134526153	0.003813838790364047	0.9751310999999999
0.149041	0.9999992169909375	0.005059344885987411	0.9725802
0.149034	0.9999992170292156	0.004860624563337098	0.9650558000000001
0.149035	0.9999992170237473	0.0050456356262634765	0.9710200999999999
0.149034	0.9999992170292156	0.005014591291014813	0.9701664000000001
0.149041	0.9999992169909375	0.00508661307841841	0.9711306999999999
0.149042	0.9999992169854692	0.005068021518123757	0.9756931000000001
0.149043	0.9999992169800008	0.004445313720628307	0.966808
0.149049	0.9999992169471911	0.004486340386972181	0.9718573
0.149051	0.9999992169362544	0.004421775047414627	0.9697289000000001
0.149048	0.9999992169526595	0.004437740043643579	0.9710252
0.149049	0.9999992169471911	0.004821400658903276	0.9712083
0.149041	0.9999992169909375	0.004427649426441415	0.9705068000000001
0.116073	0.9999993957041574	0.0033345411003489925	0.9705171
0.118103	0.9999993847903798	0.0034102135662670585	0.9722249
0.11810599999999999	0.9999993847742422	0.003412800236610636	0.9731622999999999
0.128743	0.9999993273929577	0.003709875515341787	0.9719773000000002
0.149044	0.9999992169745325	0.0044520230063669	0.9668773
0.128742	0.9999993273983675	0.0037043152855686626	0.9693993000000001
0.13403199999999998	0.9999992987401238	0.003824798110232814	0.9654024
0.13403900000000002	0.9999992987021483	0.003840923460824227	0.9659719999999999
0.13910999999999998	0.9999992711545385	0.0038731424246756995	0.9683628000000001
0.13910999999999998	0.9999992711545385	0.0038696570060038024	0.967643
0.144149	0.9999992437073799	0.00399921746288043	0.9689383
0.144149	0.9999992437073799	0.003988864850312643	0.9660171000000001
0.14902200000000002	0.9999992170948346	0.004124529427542874	0.9730972999999999
0.14902100000000001	0.9999992171003028	0.004107966818861322	0.9683669
0.153847	0.9999991906770199	0.0041337628323538985	0.9651016
0.158494	0.9999991651703798	0.004252247491719736	0.969292
0.163125	0.999999139689662	0.004389348707146178	0.9670032
0.163129	0.9999991396676264	0.004364094084366158	0.9685973
0.167543	0.9999991153233184	0.004487824374097918	0.9751573
0.17188399999999998	0.9999990913268688	0.0046238706385453385	0.9691871
0.17188299999999998	0.999999091332403	0.004635676314638232	0.9703171
0.17613099999999998	0.9999990677974901	0.004493646773221489	0.9727167999999999
0.17613299999999998	0.9999990677863974	0.004501971793320216	0.9754402
0.176126	0.9999990678252217	0.0045123683674976375	0.9736209000000001
0.18021199999999998	0.9999990451388235	0.004916881285192615	0.9726279
0.180214	0.9999990451277073	0.004912048280301683	0.9730889000000001
0.184096	0.9999990235293748	0.004808457878549737	0.9738411
0.184092	0.9999990235516522	0.00479225771589774	0.9706132
0.18795599999999998	0.999999002010386	0.00489162194604889	0.9711486999999999
0.187951	0.9999990020382881	0.004942329817297504	0.9728388000000001
0.191581	0.9999989817623965	0.005058576469418041	0.9733165000000001
0.191578	0.999998981779169	0.005081975607316748	0.9766895
0.194941	0.9999989629607877	0.005191610098329173	0.9732769
0.194943	0.9999989629495868	0.0051922634299820525	0.9732886999999999
0.198371	0.9999989437339208	0.005321616143125366	0.9764483
0.198376	0.9999989437058685	0.005339052475695521	0.9788523000000001
0.201723	0.9999989249115261	0.005479093528284505	0.9765099
0.201725	0.9999989249002859	0.0054800077100606035	0.9765950000000001
0.20481100000000002	0.9999989075429071	0.005634266253549538	0.9844053
0.20480700000000002	0.9999989075654232	0.005607993944542675	0.9802914
0.210517	0.9999988753769034	0.005755353389630189	0.9804658000000002
0.210517	0.9999988753769034	0.005764012863908345	0.9812608
0.21307399999999999	0.9999988609320735	0.005786673967216986	0.9784611999999999
0.21307399999999999	0.9999988609320735	0.005746044859452928	0.9784394000000001
0.058554999999999996	0.9999998530054556	0.007045249925000202	0.9648452
0.058565	0.9999998529799395	0.006629825110468533	0.9695126000000001
0.058571000000000005	0.9999998529646298	0.006696635538545248	0.9780113000000001
0.075818	0.9999998087472872	0.007691424883381475	0.9728851000000001
0.075811	0.9999998087653186	0.006113859827859803	0.9764101000000001
0.075812	0.9999998087627426	0.006104374008667852	0.9739156999999999
0.075795	0.9999998088065329	0.006099485541249876	0.9754096
0.094317	0.9999997608543835	0.004668251601415586	0.9728783999999999
0.094323	0.9999997608387716	0.004689807520257172	0.9757055
0.094316	0.9999997608569854	0.004770037921164588	0.9763811
0.094335	0.9999997608075477	0.004763581711444671	0.9729936
0.09432	0.9999997608465775	0.0036357919488392574	0.9757530000000001
0.09432	0.9999997608465775	0.004971258776248433	0.9737273000000001
0.094335	0.9999997608075477	0.006247685282352957	0.9771351
0.094337	0.9999997608023438	0.006370405379747652	0.9728280999999999
0.094322	0.9999997608413735	0.0058472194438460605	0.9710233
0.094331	0.9999997608179557	0.005871707570682366	0.9739155999999999
0.094325	0.9999997608335677	0.005370284322562216	0.9803951
0.094328	0.9999997608257617	0.005351183601289496	0.9749824
0.094336	0.9999997608049457	0.005342260386854757	0.9744712999999999
0.094323	0.9999997608387716	0.005998566195186284	0.9747379999999999
0.11368900000000001	0.9999997101846052	0.0046674826563565626	0.9731475
0.113679	0.9999997102108978	0.004708509044093383	0.9727377
0.113679	0.9999997102108978	0.004629570641428421	0.9682370000000001
0.11368800000000001	0.9999997101872345	0.0046397405464119	0.9650019
0.11368900000000001	0.9999997101846052	0.0037069519907846128	0.9724991
0.13356400000000002	0.9999996576497289	0.004420552590457599	0.9613494
0.13356500000000002	0.9999996576470717	0.004422287745174807	0.9682004999999999
0.13356600000000002	0.9999996576444143	0.003598454662681029	0.9639439000000001
0.15365	0.9999996039917076	0.004741086229570777	0.9637549000000001
0.15365399999999999	0.9999996039809653	0.004044859634304732	0.9660379000000001
0.173672	0.9999995499389293	0.005008363763307395	0.9617138000000001
0.173678	0.9999995499226466	0.004214142516414079	0.9633145000000001
0.193443	0.9999994960094802	0.0035902115524764724	0.9629049000000001
0.21268499999999999	0.9999994429940676	0.004097170118158248	0.9628950999999999
0.21268600000000001	0.9999994429912988	0.004102524411089178	0.9641126
0.231281	0.9999993912627083	0.004236556416837627	0.9662433000000001
0.2313	0.9999993912096038	0.004241787565213534	0.9671732
0.249254	0.9999993408012938	0.00393139667977091	0.9689674
0.24924000000000002	0.9999993408407779	0.005190981128151052	0.9727565
0.266281	0.999999292575918	0.004338609186291332	0.9753767
0.26627199999999995	0.9999992926015164	0.004353473951439978	0.9695783000000001
0.274462	0.9999992692596268	0.003696071405122858	0.9698392
0.274464	0.9999992692539152	0.0036707175439422974	0.9668646000000001
0.06702999999999999	0.9999998313300521	0.006739704895344307	0.9723666
0.067012	0.9999998313761956	0.006730753437017078	0.9713263000000001
0.067027	0.9999998313377426	0.006447002174130839	0.9678486999999999
0.067023	0.9999998313479969	0.006520679671818344	0.9761613000000001
0.084873	0.9999997853646145	0.005457991920758433	0.9738316999999999
0.084858	0.9999997854034444	0.005544501593854271	0.9811620000000001
0.084881	0.9999997853439051	0.005523183756095942	0.9805946
0.084869	0.9999997853749691	0.005537121086347525	0.9805953000000002
0.084869	0.9999997853749691	0.004016733361340577	0.9755216
0.084878	0.9999997853516711	0.004010765694616739	0.9806613000000001
0.10394300000000001	0.9999997357425108	0.005218249569099943	0.9676375
0.103941	0.9999997357477419	0.005225340406930074	0.9729281999999999
0.103924	0.9999997357922057	0.004199211852536381	0.9724078000000002
0.10394300000000001	0.9999997357425108	0.004977804198928827	0.9691622999999999
0.103942	0.9999997357451264	0.004910033871782506	0.9736495000000001
0.123557	0.9999996841704333	0.0035443109722419607	0.9709897
0.12355999999999999	0.9999996841625038	0.004308322931852251	0.9627546
0.12356800000000001	0.9999996841413584	0.004347597215683785	0.9690565999999999
0.143516	0.9999996311348638	0.0037218741688112107	0.9679948
0.143546	0.9999996310547246	0.0033939374520823486	0.9651566999999999
0.143538	0.9999996310760951	0.004163835981892162	0.9637723
0.143522	0.999999631118836	0.0041671247603901505	0.9659958000000001
0.163616	0.999999577157408	0.003945547304820018	0.9622078000000002
0.163599	0.999999577203301	0.003960245714954777	0.9630496999999999
0.18346700000000002	0.9999995232899076	0.004203263477632557	0.96304
0.18346600000000002	0.9999995232926352	0.004198796281725104	0.9612427
0.202996	0.9999994697543445	0.0038958789458727054	0.9643809000000001
0.20302699999999999	0.9999994696689358	0.00388537309475921	0.9604651
0.22198600000000002	0.9999994171809613	0.004747320914619274	0.9648791999999999
0.221992	0.9999994171642701	0.004023950098133625	0.9651907
0.24028000000000002	0.9999993660538151	0.004436260322746799	0.9642974
0.24026399999999998	0.9999993660987372	0.004451151308634095	0.9689976
0.257797	0.9999993166561321	0.004098577399348078	0.9695041
0.257815	0.99999931660515	0.00459699957611141	0.9711508
0.274397	0.9999992694452519	0.004445769980550291	0.9736405999999999
0.274406	0.9999992694195503	0.004296512633923666	0.9741354999999999
0.015218	0.9999999622616282	0.006552920762192625	0.9791424000000001
0.015218	0.9999999622616282	0.006610441137389153	0.9865318000000001
0.015218	0.9999999622616282	0.006557143194704733	0.9769719000000001
0.015216999999999998	0.9999999622641187	0.006556153524330121	0.9770428
0.016173	0.9999999598824953	0.006361506610932998	0.9731806000000001
0.016171	0.999999959887479	0.006417137049330787	0.97908
0.016171	0.999999959887479	0.007505246773356545	0.9800726000000001
0.016172	0.9999999598849872	0.00601660210076867	0.9809880999999999
0.017172	0.9999999573923732	0.006009901682019518	0.9765162000000001
0.017171000000000002	0.9999999573948666	0.006026655322930204	0.9818245000000001
0.017172	0.9999999573923732	0.005408337945909354	0.9819619
0.017171000000000002	0.9999999573948666	0.005465304664062506	0.9848030999999999
0.018157	0.9999999549357719	0.005519481032486986	0.9848037000000001
0.018157	0.9999999549357719	0.0055462497939853484	0.9878624
0.019185	0.9999999523704708	0.004241946456062304	0.9779370000000001
0.02022	0.9999999497861982	0.004308321853073757	0.9785653
0.020221	0.9999999497837004	0.00481495379610537	0.9784628000000001
0.020219	0.9999999497886958	0.00483293894123301	0.9809476999999999
0.021322	0.9999999470329762	0.004986413394682036	0.9787606
0.021322	0.9999999470329762	0.00500303980179895	0.9813481
0.022428	0.9999999442680413	0.004142479815508384	0.9803649
0.022428999999999998	0.9999999442655404	0.004691818696032808	0.9802483000000001
0.023583	0.9999999413787702	0.005943747793436827	0.9837943000000001
0.023583	0.9999999413787702	0.006059247185608893	0.9788863999999999
0.024714	0.9999999385477154	0.005581422712998009	0.9768191999999999
0.024713	0.9999999385502193	0.005621494364161809	0.9829950999999999
0.025889999999999996	0.9999999356021086	0.00513210922054385	0.9845468
0.025889999999999996	0.9999999356021086	0.005121075402379577	0.9807899999999999
0.027093	0.999999932586858	0.005117296533181125	0.9757218000000001
0.027092	0.9999999325893654	0.0057622482258807	0.9780837
0.027094	0.9999999325843508	0.0050072226236165555	0.9763847999999999
0.027093	0.999999932586858	0.0049895010423532254	0.976841
0.028317000000000002	0.9999999295168803	0.0039929883541492996	0.9779624
0.029566000000000002	0.9999999263820236	0.004793057799035605	0.9787081
0.029568	0.9999999263770021	0.00472727479081313	0.9835651
0.029564999999999998	0.9999999263845345	0.004435373530277506	0.9819179
0.029566000000000002	0.9999999263820236	0.004477274754697768	0.9823553
0.030836000000000002	0.9999999231922065	0.00443735679909126	0.9786142
0.030836000000000002	0.9999999231922065	0.004440011014009036	0.9738276
0.032158	0.9999999198693701	0.003535316134196652	0.9828421
0.032158	0.9999999198693701	0.003324814933389072	0.9802879999999999
0.033444999999999996	0.999999916632141	0.004116274155468675	0.9781181000000001
0.033446	0.9999999166296248	0.004125555376708922	0.9765204
0.033444999999999996	0.999999916632141	0.00414055354964037	0.9779351999999999
0.033444	0.9999999166346574	0.0041268469978969465	0.9811766
0.034781	0.9999999132691932	0.003354240960460891	0.9812450999999999
0.034783	0.999999913264157	0.003397060108853924	0.9815651
0.034782	0.9999999132666751	0.0030791133545231154	0.9776056000000001
0.03617	0.9999999097701697	0.0038531809533339017	0.9786009
0.03617	0.9999999097701697	0.0038495081193332926	0.9798341
0.037518	0.9999999063718313	0.004356684710326725	0.9800371999999999
0.037522	0.9999999063617434	0.003693012417273421	0.9814122999999999
0.038919999999999996	0.9999999028346424	0.0035510861441633815	0.9794613999999999
0.038919	0.9999999028371663	0.0035512014623411106	0.9762757
0.040309	0.999999899327522	0.004423735819531885	0.9805584
0.040308	0.9999998993300478	0.003703262886237054	0.9811131999999999
0.041777	0.9999998956179791	0.0036257608100663478	0.981505
0.041777	0.9999998956179791	0.00361062786630397	0.9767584
0.043239	0.9999998919205814	0.003020144795181231	0.9783973
0.044714	0.9999998881872558	0.003233434987629954	0.9794805
0.044717	0.9999998881796595	0.003223285504917444	0.9754759
0.046213	0.9999998843900455	0.0033542875441122133	0.9775588
0.046214	0.9999998843875112	0.0033583022625747086	0.9779865
0.047729	0.9999998805465524	0.003813314797738853	0.9773476000000001
0.04773	0.999999880544016	0.0032271982706830443	0.9781261999999998
0.049261	0.9999998766592063	0.0032824442368570394	0.9790585999999999
0.049264999999999996	0.9999998766490523	0.003288581381135232	0.9806475
0.050785000000000004	0.9999998727888801	0.003391212231929835	0.9756401
0.050783999999999996	0.9999998727914208	0.003386088803001425	0.9748304
0.05240499999999999	0.9999998686711669	0.0030452224464185555	0.9767741
0.05240499999999999	0.9999998686711669	0.0039775530467981435	0.9791622999999999
0.053971000000000005	0.9999998646871973	0.0030847749215628137	0.9741054
0.053972000000000006	0.9999998646846522	0.0036531046283611516	0.9769175999999999
0.05563200000000001	0.9999998604577689	0.003220419679185976	0.972975
0.057214	0.9999998564258865	0.003292833207186718	0.974375
0.055633	0.9999998604552214	0.0032535624893042753	0.9753601999999999
0.057196000000000004	0.999999856471781	0.0032000745379602183	0.9765780000000001
0.058878	0.9999998521812148	0.003551620288896451	0.9751055000000001
0.058852	0.9999998522475678	0.0035066651055787553	0.9747527
0.060538	0.9999998479428611	0.0035343732721812775	0.9740989
0.060538	0.9999998479428611	0.003521855320034868	0.9711301999999999
0.062169	0.9999998437747706	0.003614287161278055	0.9751893
0.062167999999999994	0.9999998437773272	0.003606906863987652	0.9756406999999999
0.06385199999999999	0.999999839469864	0.0033593787711837285	0.9707958000000001
0.063853	0.999999839467305	0.0033574061590983533	0.9711156999999999
0.065549	0.9999998351251076	0.0032606018910069628	0.9724849
0.06554700000000001	0.9999998351302305	0.0032518581346064664	0.9729098
0.06725700000000001	0.9999998307480926	0.003077353843630814	0.9741556
0.068982	0.9999998263233417	0.0032360858589202813	0.9753244000000001
0.069029	0.9999998262027248	0.003241558814313996	0.9756688
0.070747	0.9999998217916499	0.0032600838573573166	0.9728376
0.070721	0.9999998218584376	0.0032787930652589804	0.9762950999999999
0.08511	0.9999997847510598	0.0029842526666576446	0.9692691999999999
0.085111	0.9999997847484707	0.002968570699762766	0.9686094999999999
0.057214	0.9999998564258865	0.00392226115109426	0.9769191999999999
0.057196000000000004	0.999999856471781	0.0037888146856569797	0.9786305000000001
0.05719400000000001	0.9999998564768804	0.002986695088088709	0.9806474000000001
0.072519	0.9999998172375713	0.0037373819597568856	0.9644758
0.072519	0.9999998172375713	0.0037424234874052524	0.9667732
0.074283	0.9999998126996597	0.003674080223810573	0.9662218000000001
0.074283	0.9999998126996597	0.003665572739695305	0.9650379000000001
0.076059	0.9999998081264503	0.003329284518516306	0.9712722
0.076061	0.9999998081212977	0.0033259523469956844	0.9712933000000001
0.077811	0.9999998036106877	0.0031793857231446577	0.9677714
0.07781	0.9999998036132666	0.0032040219954727204	0.9709834
0.07964500000000001	0.999999798878939	0.002597442058852343	0.9691181000000001
0.081459	0.99999979419413	0.0025789503373184566	0.9689926
0.083246	0.9999997895745187	0.0030181454515596645	0.9720334999999999
0.083246	0.9999997895745187	0.006986587841409664	0.9652851
0.083244	0.9999997895796915	0.0030068804921867965	0.9682258
0.08511	0.9999997847510598	0.0030270038994683556	0.9691076
0.085111	0.9999997847484707	0.003018338177696241	0.9714273999999999
0.086952	0.9999997799797222	0.003033247019792362	0.9725155000000001
0.086952	0.9999997799797222	0.0030375382849320023	0.9720781999999999
0.08884299999999999	0.9999997750764882	0.0030622053034366032	0.9705940999999999
0.08884299999999999	0.9999997750764882	0.0030692632334908833	0.9701351
0.090632	0.999999770433096	0.0030833598835729786	0.9709503
0.090633	0.9999997704304991	0.003070640248528026	0.9683331000000001
0.092539	0.9999997654784678	0.0030994379824041862	0.9717610000000001
0.09254	0.9999997654758683	0.0031081555523787643	0.9706549999999999
0.094419	0.9999997605889747	0.002955290245328014	0.9709804
0.094418	0.9999997605915768	0.0029505399373472097	0.9721463
0.096307	0.9999997556736646	0.003151871133852253	0.9712356
0.096307	0.9999997556736646	0.0031594521975092283	0.9692624
0.098203	0.9999997507324734	0.0031788967639854336	0.9687973
0.098205	0.9999997507272584	0.0031680124273390665	0.9680464
0.100105	0.9999997457705578	0.0031517574965057135	0.9682113999999999
0.100107	0.9999997457653376	0.0032076190101373706	0.9713734
0.10205499999999999	0.9999997406781297	0.0032212733676913606	0.9683438
0.10205499999999999	0.9999997406781297	0.0032272102450627707	0.9703725000000001
0.103939	0.9999997357529729	0.0032358259356086456	0.9704367
0.10394	0.9999997357503574	0.0032633419149499673	0.973131
0.105866	0.9999997307102326	0.003069059137321754	0.9702421999999998
0.10586199999999998	0.9999997307207055	0.0030782669904082134	0.973092
0.107833	0.999999725557422	0.003111748085813317	0.9711298
0.107832	0.999999725560043	0.0031082939351486038	0.9715673
0.109733	0.9999997205749513	0.003104457804284525	0.9713301
0.109733	0.9999997205749513	0.003093432468229912	0.9692482
0.111677	0.9999997154718336	0.00311949237292987	0.9699116
0.111678	0.9999997154692072	0.003123172114644779	0.9685077
0.11366300000000001	0.9999997102529656	0.0031958921118271887	0.9667054
0.11366199999999999	0.999999710255595	0.0032019895215902754	0.9671888000000001
0.11558099999999999	0.9999997052075156	0.003546513914205027	0.9690854
0.11558199999999999	0.9999997052048837	0.0035283343824731696	0.9658848
0.11754300000000001	0.9999997000409581	0.0035626923560089264	0.9655509
0.11754400000000001	0.9999997000383233	0.0035509097738041437	0.9642206
0.21267600000000003	0.9999994430189862	0.004873229148189056	0.9694296999999998
0.212694	0.9999994429691489	0.004702754285384156	0.9689370999999999
0.22194899999999998	0.9999994172838891	0.0043179943202076645	0.9638334000000001
0.22193800000000002	0.9999994173144889	0.004323965678232327	0.9669120999999999
0.22194899999999998	0.9999994172838891	0.004107356481724137	0.9657111999999999
0.22194099999999997	0.9999994173061436	0.004085760765540165	0.9613607
0.231289	0.9999993912403485	0.0041274219779492164	0.9647902
0.231277	0.9999993912738881	0.0041136781606554255	0.9626519
0.240258	0.9999993661155827	0.004172551472312354	0.9633334000000001
0.24026	0.9999993661099676	0.004212146192811327	0.9688611999999999
0.24931	0.9999993406433555	0.003721136615435451	0.9640266
0.257838	0.9999993165400054	0.003811854603578927	0.9697724
0.26632	0.9999992924649896	0.004394864592369665	0.9706853999999999
0.266331	0.9999992924337017	0.00912720260554813	0.9675735000000001
0.266324	0.9999992924536123	0.0043703118124972734	0.9654647
0.274445	0.9999992693081755	0.004476979362690094	0.9739885
0.274434	0.999999269339589	0.004476332518880851	0.9769849
0.282468	0.9999992463507601	0.004595429327473594	0.9746268
0.290101	0.9999992244250848	0.00468407975632864	0.9778700000000001
0.290115	0.9999992243847945	0.004696643539928847	0.979051
0.297722	0.9999992024519434	0.004811859781052899	0.9774275
0.297708	0.9999992024923837	0.004814565460299065	0.9791915999999999
0.304881	0.999999181736278	0.004926372091062144	0.9829376
0.30487800000000004	0.9999991817449742	0.004957573078849502	0.9868978
0.311934	0.9999991612566868	0.004851391512227475	0.9820679
0.31192800000000004	0.9999991612741386	0.004873047620813712	0.9883573
0.31873	0.9999991414569976	0.0052083522736457895	0.9926133
0.318734	0.9999991414453246	0.005220492596446004	0.9911747999999999
0.325279	0.9999991223153214	0.005679025763572153	0.9892534
0.325293	0.9999991222743368	0.005266484949565326	0.9905686
0.331453	0.9999991042143381	0.005341904542987355	0.9922144
0.331457	0.9999991042025934	0.005389985452481963	0.9908969000000001
0.337572	0.9999990862215793	0.005514982177685087	0.9927494000000001
0.337586	0.9999990861803523	0.005507336446681143	0.9919456
0.343296	0.9999990693425203	0.00562300017177241	0.9986598
0.343294	0.9999990693484259	0.005664776850112274	1.0018863000000002
0.348571	0.9999990537465813	0.005524635017816383	0.9995877000000001
0.34857	0.9999990537495416	0.005532118919975926	1.0012142
0.353927	0.999999037871019	0.005656831087807872	1.0012623
0.353925	0.9999990378769547	0.005680296898167273	1.00789
0.359153	0.9999990223417992	0.005734520389216488	1.0018002000000001
0.359149	0.9999990223537001	0.005746301228140307	1.0056766
0.363583	0.9999990091477614	0.0058525433870022	1.0087774
0.363581	0.9999990091537244	0.005865859400970556	1.0093906
0.368375	0.9999989948444096	0.005931205857926146	1.003619
0.36837600000000004	0.9999989948414213	0.005945126202272016	1.0049552
0.372734	0.9999989818053707	0.006493491592700729	1.0140476
0.372723	0.9999989818383086	0.006428832413245368	1.0051323
0.37664699999999995	0.9999989700776274	0.006543644413432669	1.0058785
0.376656	0.9999989700506284	0.006534027171499146	1.0054881
0.058977	0.9999999123851696	0.007973945258689288	0.9843777
0.058979	0.9999999123821492	0.007303868830730148	0.9768546999999999
0.059	0.9999999123504363	0.0072981429159573695	0.9776627
0.058977	0.9999999123851696	0.006434792164868649	0.9742243
0.059003999999999994	0.9999999123443958	0.006420553342208805	0.9654651
0.059009000000000006	0.9999999123368449	0.0059317905863578374	0.9713606
0.058979	0.9999999123821492	0.006452763013737128	0.973748
0.059004999999999995	0.9999999123428857	0.007268225710528875	0.97698
0.058983	0.9999999123761086	0.007300146755506552	0.9762498
0.059005999999999996	0.9999999123413754	0.006937395548731017	0.9617633
0.058977	0.9999999123851696	0.007147243389302499	0.9690784
0.058983	0.9999999123761086	0.007200960582082367	0.9714
0.070729	0.9999998945806656	0.00524247516363565	0.9685914000000001
0.070729	0.9999998945806656	0.00527217308275334	0.9703681999999999
0.070729	0.9999998945806656	0.005269891537367866	0.9722443000000001
0.07073099999999999	0.9999998945776257	0.005297030129103251	0.9741688000000001
0.070727	0.9999998945837055	0.005254384562300619	0.9669198
0.070728	0.9999998945821855	0.005261735881780613	0.9690469999999999
0.070726	0.9999998945852253	0.005264385436990876	0.9697659
0.070732	0.9999998945761058	0.005238633255462769	0.9640158000000001
0.070725	0.9999998945867451	0.005188714533861143	0.9592113000000001
0.070729	0.9999998945806656	0.005273059368136209	0.9674440000000001
0.083123	0.9999998756789328	0.004122040577630614	0.9716952
0.083129	0.9999998756697516	0.004098722276134519	0.9675348
0.083137	0.9999998756575096	0.003402765855163177	0.9721525
0.09640599999999999	0.9999998552794178	0.0031347146832552165	0.9714303
0.09640599999999999	0.9999998552794178	0.0026157689161769165	0.9712248
0.096385	0.9999998553117849	0.004598040302667811	0.9676671
0.09640499999999999	0.9999998552809592	0.004630928448853533	0.9692625
0.096403	0.9999998552840418	0.004687533788948616	0.9789056999999999
0.096402	0.9999998552855831	0.004651069235064188	0.9667604999999999
0.0964	0.9999998552886658	0.004633984251347507	0.9723459000000001
0.09640399999999999	0.9999998552825005	0.00464390546928243	0.9753381999999999
0.09640499999999999	0.9999998552809592	0.0046462626363688005	0.9765372999999999
0.096399	0.9999998552902071	0.004643986658790526	0.9740236999999999
0.11000399999999999	0.9999998342439556	0.003852780474033129	0.9753535
0.109997	0.9999998342548239	0.0038162216045826178	0.9695507
0.109999	0.9999998342517188	0.0037666687735754224	0.9650181000000001
0.124134	0.9999998122223891	0.0032282272604160544	0.9717941999999999
0.12413800000000001	0.9999998122161314	0.003152181459531715	0.9696065
0.138677	0.9999997893835411	0.0028891298457067137	0.9719234
0.138681	0.999999789377235	0.0028477034303918194	0.9686145
0.153507	0.9999997659126002	0.0025577527269418122	0.9678189
0.168762	0.9999997415779202	0.0024191045296844535	0.9680615
0.184048	0.9999997169993841	0.00246212357995497	0.9636070999999999
0.199229	0.9999996923970689	0.0025256838925346086	0.9679158000000001
0.21484099999999998	0.9999996668960695	0.0024774127786674105	0.9631796
0.230113	0.9999996417540011	0.0026418505168335706	0.9638690999999999
0.245623	0.9999996160212732	0.002728550295661221	0.9648450999999999
0.26079600000000003	0.999999590653758	0.0028154551801386142	0.9682485999999999
0.275886	0.9999995652347964	0.002890960611001528	0.968339
0.290508	0.9999995404232112	0.0029714143888041663	0.9672939
0.30544099999999996	0.9999995149000548	0.0030251355361459284	0.9707178
0.319488	0.9999994907216506	0.0032130827146295915	0.9730377
0.333796	0.9999994659249881	0.0033581422927240357	0.9776068000000001
0.347294	0.999999442375744	0.0034381993830647968	0.9746375
0.360902	0.9999994184809142	0.003577074304691626	0.9809376
0.373781	0.999999395724039	0.0036991130939514273	0.9824069999999999
0.373795	0.9999993956992261	0.00297203365841561	0.9810982
0.38656	0.999999373007248	0.003078213083440959	0.9877521999999999
0.39867800000000003	0.9999993513397855	0.00315183980985032	0.9859243000000001
0.41084799999999994	0.9999993294561805	0.003257640581040202	0.992607
0.42220699999999994	0.9999993089195153	0.003349071326803874	0.9986966
0.333795	0.9999994659267273	0.0023948806792258312	0.9774517
0.025543	0.9999999624094131	0.007306952883933035	0.9892675999999999
0.027166000000000003	0.9999999600025581	0.008079475290472312	0.9753222
0.027167	0.9999999600010744	0.007981374041608421	0.9725110999999999
0.028801999999999998	0.9999999575742049	0.008184470131015737	0.9857251
0.028801	0.9999999575756899	0.00817530538704878	0.9887164
0.030441000000000003	0.9999999551391644	0.008063857628198213	0.978411
0.03044	0.9999999551406509	0.008116411708559527	0.9795186
0.032159	0.999999952584354	0.008673353362068507	0.9858315000000001
0.032158	0.999999952585842	0.008556409012115941	0.9785149999999999
0.032158	0.999999952585842	0.008496367441991549	0.9773261999999999
0.033953	0.9999999499139027	0.00830890217861866	0.9790985999999999
0.033954000000000005	0.9999999499124134	0.008372565952996503	0.9823706
0.033953	0.9999999499139027	0.0082362199629475	0.9763440000000001
0.033953	0.9999999499139027	0.007316141571008107	0.9778339
0.033953	0.9999999499139027	0.007510213146360116	0.9892413000000001
0.033954000000000005	0.9999999499124134	0.006903303883515863	0.9815344000000001
0.033954000000000005	0.9999999499124134	0.006909401185703288	0.9841219000000001
0.033953	0.9999999499139027	0.006132506767901599	0.9808309999999999
0.035677999999999994	0.9999999473436341	0.006197872984126063	0.9767849000000001
0.035677999999999994	0.9999999473436341	0.0057314827108410375	0.9779956
0.037554000000000004	0.9999999445455618	0.006257768965571431	0.9798861999999999
0.039389	0.9999999418058066	0.007082046371353733	0.9860211999999999
0.039389999999999994	0.9999999418043128	0.007083232765037938	0.9812537
0.039389999999999994	0.9999999418043128	0.006770148863399614	0.9695134
0.039389999999999994	0.9999999418043128	0.006944420356297715	0.9742475
0.039389999999999994	0.9999999418043128	0.0070015652707306935	0.9777456
0.039389	0.9999999418058066	0.005195868292579365	0.974029
0.039389	0.9999999418058066	0.00525936517321704	0.9827752000000001
0.039389	0.9999999418058066	0.005219990193199634	0.9771518
0.039389999999999994	0.9999999418043128	0.005239152300922329	0.9779931999999999
0.041305	0.9999999389421225	0.005306983099948103	0.9774315999999998
0.041305	0.9999999389421225	0.005292260466473725	0.9752371999999999
0.043301	0.9999999359556185	0.005377010942543205	0.9763395
0.043301	0.9999999359556185	0.005349471684088305	0.9702843000000001
0.043301	0.9999999359556185	0.005313547487026582	0.9674941999999999
0.0433	0.9999999359571156	0.005387587232125012	0.9751780999999999
0.043301	0.9999999359556185	0.004382774564851707	0.9830851999999999
0.043301	0.9999999359556185	0.004346949195532438	0.9757283999999999
0.043302	0.9999999359541214	0.0037749919870482475	0.9783752
0.043301	0.9999999359556185	0.0035266723830648028	0.980226
0.043301	0.9999999359556185	0.003139544680364335	0.9793377000000001
0.043302999999999994	0.9999999359526243	0.004189579833785737	0.9701865
0.045293	0.9999999329717926	0.004232751633335278	0.9729777000000001
0.047322	0.999999929929148	0.004291917356425654	0.9801173000000001
0.049388	0.9999999268274972	0.004266559723473496	0.9650569999999999
0.05153200000000001	0.9999999236049888	0.004288296028501537	0.9736535
0.05367	0.9999999203876875	0.004325698462726412	0.9775953000000002
0.05574400000000001	0.9999999172630578	0.004345115602188317	0.9771731
0.055745	0.9999999172615505	0.004339231120687931	0.9737638000000001
0.05574400000000001	0.9999999172630578	0.003582010298713168	0.9759491
0.057996000000000006	0.9999999138662032	0.0035832998974250096	0.9735035
0.060186	0.9999999105588178	0.0035669912068424696	0.9705611999999999
0.060185	0.9999999105603289	0.0030263243145048314	0.9765509
0.062501	0.9999999070583133	0.002984098421824651	0.9745418
0.062501	0.9999999070583133	0.0027112454439167356	0.9827718000000001
0.062501	0.9999999070583133	0.0026646196652171934	0.9748971
0.064804	0.9999999035715261	0.0023751728457578527	0.9764937
0.064802	0.9999999035745563	0.0022067217741201296	0.9768502
0.067186	0.9999998999604861	0.0022139345245327327	0.9720421
0.069497	0.9999998964525646	0.0022380156670738947	0.9736454
0.07184	0.9999998928915301	0.002176709066204696	0.9717998
0.074309	0.9999998891340469	0.002280110613197806	0.9703068000000001
0.076761	0.9999998853974124	0.0023090008135118584	0.9670584000000001
0.07929	0.9999998815381921	0.002356258128043968	0.9706438000000001
0.08179600000000001	0.9999998777088165	0.0023729953345368454	0.9719825000000001
0.084222	0.9999998739967061	0.002402098927673828	0.970118
0.08683300000000001	0.9999998699960453	0.002393699663463711	0.9663613999999999
0.089414	0.9999998660357726	0.002486878813356665	0.9683691999999999
0.091963	0.9999998621191564	0.002553788303335085	0.9676495
0.094648	0.9999998579877212	0.0025993468079403203	0.9649025
0.09739099999999999	0.9999998537608422	0.0026723760881487537	0.970433
0.099993	0.9999998497454494	0.002728781257125164	0.9693318999999999
0.102709	0.999999845548119	0.002429014336773483	0.9671493
0.105428	0.9999998413399996	0.0025078080963066027	0.9686066999999999
0.10821800000000001	0.9999998370155965	0.002599435495348985	0.9677015
0.11096500000000001	0.9999998327515088	0.0026890301950222395	0.9666640999999999
0.11096600000000001	0.9999998327499554	0.002700030429808644	0.9701271
0.111009	0.999999832683158	0.002682512979592999	0.9656729
0.11096500000000001	0.9999998327515088	0.002694246044572427	0.9682046000000001
0.11101	0.9999998326816044	0.0026838321687590533	0.9645398999999999
0.11096600000000001	0.9999998327499554	0.002697543871788427	0.9688471
0.11096600000000001	0.9999998327499554	0.0026717234258749854	0.9613549000000001
0.11096600000000001	0.9999998327499554	0.0026891683929201713	0.9684417
0.110919	0.9999998328229651	0.002678925658141516	0.9661879000000001
0.11101	0.9999998326816044	0.004415915953806493	0.9636734
0.111009	0.999999832683158	0.002609058810557764	0.9675151
0.111009	0.999999832683158	0.0026186874831454904	0.9693995999999999
0.11096500000000001	0.9999998327515088	0.002420839218118599	0.9679867
0.091963	0.9999998621191564	0.002629692240800615	0.9643495999999999
0.11096500000000001	0.9999998327515088	0.0024484950454575693	0.9648388000000001
0.113745	0.9999998284297992	0.0020106976044958276	0.9670101999999999
0.11939300000000001	0.9999998196297583	0.001954870170713245	0.9647667
0.125073	0.9999998107530688	0.001985988301283134	0.9685826
0.13080999999999998	0.9999998017600278	0.00202999046444646	0.9668344999999999
0.13666199999999998	0.9999997925584801	0.0020687409875640894	0.9657841999999999
0.142457	0.9999997834184549	0.002094577126509276	0.9680898000000001
0.14835399999999999	0.9999997740888432	0.005648217403750631	0.9663646
0.14835399999999999	0.9999997740888432	0.0021387775952019404	0.9635113000000001
0.151321	0.9999997693838177	0.002351923853990286	0.9649388000000001
0.154298	0.9999997646555662	0.0023942779294048875	0.9656283999999999
0.15728	0.999999759911974	0.0023598088415916043	0.9659179
0.160274	0.9999997551418424	0.002375182400179135	0.9656405999999998
0.163333	0.9999997502604404	0.002409344637829233	0.9667545
0.166346	0.9999997454448247	0.0024313756957729526	0.9650294
0.169304	0.9999997407097598	0.002446206698166108	0.9611873
0.17233099999999998	0.999999735856698	0.002487824378879004	0.9665684999999999
0.17541500000000002	0.9999997309044023	0.002539345057245638	0.9661653
0.178456	0.9999997260133996	0.002539139146987081	0.9657022
0.181497	0.9999997211146949	0.0025494518313147595	0.9609757
0.334011	0.999999465551079	0.004770848230278623	0.9800837
0.334037	0.9999994655058594	0.003318114128572536	0.9802392
0.361	0.9999994183082723	0.0035367485776987054	0.9852805
0.386973	0.9999993722708019	0.0037358549059130696	0.9852769
0.43377299999999996	0.9999992878981113	0.004217272396090704	1.0016889
0.454929	0.999999249158234	0.004491665166981894	1.0097245000000001
0.474529	0.9999992129347297	0.004716303651211182	1.015094
0.49272200000000005	0.9999991790250008	0.013762699769077654	1.0235577
0.492691	0.9999991790830159	0.004892069078110519	1.0208746
0.500929	0.9999991636377631	0.005461370260324496	1.0261143
0.508866	0.9999991487033404	0.005621335470060489	1.0267037
0.516976	0.9999991333891536	0.005614093540802791	1.035565
0.5240630000000001	0.9999991199618159	0.005696896341320592	1.0325916
0.5311680000000001	0.9999991064583444	0.00583536158177187	1.0389241
0.538158	0.9999990931323696	0.005953732428034271	1.0351344999999998
0.544191	0.9999990815981024	0.006074433746786334	1.0419026
0.550385	0.9999990697244557	0.006228202423859838	1.048059
0.556122	0.9999990586983268	0.00643329392849407	1.0540878999999999
0.561312	0.9999990486998548	0.0064779060154184194	1.0515461000000002
0.5664779999999999	0.9999990387253165	0.0065609415243807825	1.0490552
0.183535	0.9999998137278245	0.0037748756170438856	0.9639569
0.183527	0.999999813736347	0.0035655377459426728	0.9578433000000001
0.183534	0.9999998137288896	0.003613318359329735	0.9564379000000001
0.204463	0.9999997913123161	0.003248480891800856	0.9537142
0.204456	0.9999997913198537	0.002963733837674725	0.95352
0.204443	0.9999997913338524	0.003255223066028697	0.9583606
0.22576	0.9999997682545203	0.006808981071618498	0.9637667
0.22576300000000002	0.9999997682512549	0.003045013796389329	0.9587322
0.22576300000000002	0.9999997682512549	0.0060837776695095765	0.9574574
0.22576500000000002	0.9999997682490777	0.003835738231392385	0.9616210999999999
0.22576	0.9999997682545203	0.0030473658132430313	0.9583375
0.247044	0.9999997449617972	0.0031261315772985617	0.9625968
0.26856599999999997	0.9999997211554829	0.003038471728991102	0.9669953000000001
0.29005	0.9999996971373272	0.0031229287492866697	0.9702065999999999
0.31202399999999997	0.9999996723089661	0.0032131679480975122	0.9719405000000001
0.33315700000000004	0.9999996481805111	0.003306917152460235	0.9757710999999999
0.354269	0.9999996238309334	0.003456047771597995	0.9752513
0.374909	0.9999995997889033	0.0035490974544760416	0.9738351000000001
0.395409	0.9999995756781583	0.003403751419985366	0.9861443000000001
0.415422	0.9999995519173452	0.006036241248075709	0.9879148999999999
0.41542799999999996	0.9999995519101885	0.0035107811753066513	0.9874113000000001
0.435104	0.9999995283347735	0.003633359774020697	0.9976995999999999
0.45401	0.9999995054814557	0.003797398154247293	0.9972004000000001
0.472904	0.9999994824463208	0.003979203095736594	1.0036075999999998
0.49080100000000004	0.9999994604456993	0.007527539499007153	1.0114607
0.49081800000000003	0.9999994604247177	0.004576859197792245	1.0059901
0.5084609999999999	0.9999994385637941	0.003857265174115599	1.0107221
0.525358	0.999999417466768	0.004046466908197045	1.0130035
0.541891	0.9999993966722668	0.004240940902150188	1.0201197
0.5731689999999999	0.9999993569209746	0.004926663499922068	1.0296892
0.5577850000000001	0.9999993765397694	0.0047804273051962115	1.0214155999999999
0.5878439999999999	0.9999993380850593	0.004598821556442391	1.0283393
0.6021810000000001	0.9999993195686081	0.004802095456100216	1.0390286
0.6157279999999999	0.9999993019685824	0.004969801450667224	1.0346795
0.628831	0.9999992848493707	0.005862471204322382	1.0464724
0.628839	0.9999992848388898	0.005849042088618369	1.0472562
0.64144	0.9999992682864217	0.006594346005133398	1.0427677
0.641439	0.9999992682877384	0.006013305030410791	1.0434504
0.653555	0.9999992522900104	0.006277073947190929	1.0543357
0.653554	0.999999252291334	0.006318167579281169	1.0566886999999998
0.665077	0.9999992370016876	0.007511394143214699	1.0550536
0.665077	0.9999992370016876	0.005968381960574741	1.0510489
0.665075	0.9999992370043478	0.005920400087723577	1.0547371
0.676109	0.9999992222951084	0.006195084510041232	1.0570723999999998
0.6761050000000001	0.9999992223004529	0.006168606089667726	1.0540076999999999
0.47291400000000006	0.9999994824340769	0.003745079130764575	1.0038302
0.071131	0.9999999300042138	0.004291413829189946	0.9705212999999999
0.07419500000000001	0.9999999269266788	0.004078632815545603	0.9683506
0.07731299999999999	0.9999999237896112	0.0041468462637419545	0.9641741
0.077316	0.9999999237865903	0.00364284422446674	0.9639216999999999
0.080545	0.9999999205322095	0.003332024555420989	0.9691828000000001
0.083699	0.9999999173478888	0.0036820479880110674	0.9654589
0.083701	0.9999999173458678	0.007766926264360668	0.9717167
0.083699	0.9999999173478888	0.003329438675753266	0.9661506
0.08696	0.9999999140497937	0.0043139637613541755	0.9709243000000001
0.090337	0.9999999106282222	0.003386981671201222	0.9691377
0.09033300000000001	0.9999999106322788	0.003394592554764822	0.9702843000000001
0.09361599999999999	0.9999999072999496	0.0031743960394634823	0.9654005999999999
0.097015	0.9999999038436391	0.003220228389681648	0.9718131999999999
0.100517	0.9999999002759539	0.003237825323965371	0.9695277
0.103931	0.999999896791434	0.003253816122034088	0.9701811
0.107449	0.9999998931940675	0.0033067813364110092	0.9624613000000001
0.11101199999999999	0.9999998895437557	0.00333087903574815	0.9619274999999999
0.114607	0.9999998858535915	0.003039221121656106	0.9675292999999999
0.11823900000000001	0.9999998821182379	0.005598167855585389	0.9633163
0.11824000000000001	0.9999998821172084	0.0030820431971018414	0.9673303
0.12193299999999999	0.9999998783116865	0.003112686987356446	0.9700696
0.12554	0.9999998745875522	0.003162521101036977	0.9654664000000001
0.129354	0.999999870641921	0.003229808942739969	0.9664333
0.133128	0.9999998667298041	0.006149971692661703	0.9701581
0.133125	0.999999866732917	0.0036246620696934696	0.9637449
0.136942	0.9999998627682736	0.002970126401931493	0.9671529000000001
0.140779	0.999999858774789	0.003050936512295386	0.9653736999999999
0.144645	0.9999998547429416	0.003139333468561615	0.9674181000000001
0.152375	0.9999998466567093	0.003696059965019563	0.9644244000000001
0.148537	0.9999998506756845	0.003621776561183479	0.9653093
0.1564	0.9999998424332222	0.0034656603303772552	0.966883
0.156397	0.9999998424363733	0.0035552355486333956	0.9643301999999999
0.156397	0.9999998424363733	0.003551087568001264	0.9633553
0.156397	0.9999998424363733	0.004265303225313777	0.9655836
0.156397	0.9999998424363733	0.004254715626157896	0.9689808000000001
0.156397	0.9999998424363733	0.004606555789418951	0.9668926
0.156397	0.9999998424363733	0.004229426086821033	0.968318
0.156394	0.9999998424395248	0.004246368320025598	0.966571
0.156398	0.999999842435323	0.004256124975829335	0.9659021999999999
0.1564	0.9999998424332222	0.004809023753695383	0.9668568999999999
0.156396	0.9999998424374237	0.003898894112464124	0.9696524999999999
0.156396	0.9999998424374237	0.003851761838706024	0.9659119
0.156396	0.9999998424374237	0.003922221182361247	0.9676454
0.156396	0.9999998424374237	0.00391284172990253	0.9654347
0.15640199999999999	0.9999998424311214	0.003892846514654015	0.9625372999999999
0.15640199999999999	0.9999998424311214	0.0038955733181340164	0.9627585999999999
0.156396	0.9999998424374237	0.0039305720109893754	0.9696746999999999
0.129354	0.999999870641921	0.003482387433152339	0.9629886999999999
0.156396	0.9999998424374237	0.004108786452510402	0.9660042999999999
0.156397	0.9999998424363733	0.0037771667062579607	0.9666300999999999
0.160368	0.9999998382608334	0.0033956702158971096	0.9672555
0.16428299999999998	0.9999998341356967	0.003372572605281264	0.9664929
0.16829000000000002	0.9999998299049014	0.003352834174370897	0.9615722
0.172324	0.9999998256366875	0.0028823124192517207	0.9574715
0.17639100000000002	0.9999998213245064	0.0029499426944068984	0.9655886
0.180473	0.9999998169872828	0.002956973159704088	0.9675020000000001
0.18457	0.9999998126249158	0.0034960607638889873	0.9701254
0.18876500000000002	0.9999998081486448	0.003532102992456644	0.9678204
0.19281800000000002	0.999999803814711	0.0035892968145595245	0.9687719000000001
0.196987	0.9999997993473198	0.003563468285108402	0.9631359
0.201067	0.9999997949660521	0.003595308322360426	0.9589219999999999
0.205298	0.9999997904129739	0.00314563002342737	0.961733
0.20533200000000001	0.999999790376346	0.008962058908448133	0.9458827
0.205303	0.9999997904075877	0.004640701904040105	0.9596116
0.205333	0.9999997903752686	0.006848263427096257	0.9584456
0.205333	0.9999997903752686	0.004962359522469888	0.9622596999999999
0.20951999999999998	0.9999997858597761	0.0037546443812931257	0.9587654
0.209521	0.9999997858586966	0.00601237870228849	0.9613603999999999
0.209521	0.9999997858586966	0.00514625592276184	0.9648076999999999
0.209521	0.9999997858586966	0.006853024098881587	0.9591181000000001
0.21794000000000002	0.9999997767500183	0.0038149801084136977	0.9639148999999999
0.217937	0.9999997767532711	0.009966305227404501	0.9442725000000001
0.21794000000000002	0.9999997767500183	0.005301129177934572	0.9638346
0.21794000000000002	0.9999997767500183	0.005057284529939019	0.9578716
0.226358	0.9999997676034816	0.003551934464970274	0.9548325999999999
0.226388	0.9999997675708155	0.0036729896789484255	0.9580700000000001
0.22639099999999998	0.9999997675675489	0.01319745858694173	0.9527831
0.226398	0.9999997675599269	0.009880419831835003	0.9483853000000001
0.22639	0.9999997675686378	0.004344761848876786	0.9547088
0.234889	0.999999758294439	0.003682898195890292	0.9599658000000001
0.234888	0.9999997582955324	0.00550577472808611	0.9648344999999999
0.234889	0.999999758294439	0.004444458182879194	0.9561786
0.24349400000000002	0.9999997488641335	0.0036096374441056097	0.9556030999999999
0.20110899999999998	0.9999997949209033	0.0030568619138096977	0.9597914000000001
0.20111300000000001	0.9999997949166034	0.0029181777125095094	0.9610789000000001
0.205242	0.9999997904733011	0.003086042385833552	0.9592196
0.205237	0.9999997904786874	0.0049343611766587536	0.9589771
0.209429	0.9999997859580181	0.0031349923739108824	0.9636300999999999
0.213721	0.9999997813195041	0.0030728109189527555	0.9651469000000001
0.213727	0.9999997813130127	0.003058431317445057	0.9625253
0.217844	0.999999776854102	0.0030975045568377327	0.960091
0.217836	0.9999997768627754	0.0031098989364566182	0.9613543999999999
0.22219099999999997	0.999999772135982	0.0031490340950428974	0.9621122999999999
0.22219299999999997	0.9999997721338086	0.003864523992480321	0.9618450999999999
0.22219099999999997	0.999999772135982	0.00407955695513487	0.956016
0.226427	0.9999997675283491	0.003603944542435665	0.9665206000000001
0.22642199999999998	0.9999997675337936	0.0032033564354071405	0.9632198000000001
0.230669	0.9999997629043089	0.0036887547630365418	0.9642415999999999
0.23067	0.9999997629032177	0.004566380406565802	0.9665440999999999
0.23066599999999998	0.9999997629075826	0.0032523655120905224	0.9649466999999998
0.23478400000000002	0.9999997584092581	0.0032383414607325294	0.9613321
0.234787	0.9999997584059778	0.0032242876849963593	0.9573486999999999
0.239006	0.999999753787654	0.003273330115313521	0.9595104999999999
0.23900900000000003	0.9999997537843667	0.0039888226914029015	0.9591931999999999
0.23901	0.9999997537832709	0.003906945571359631	0.9628975000000001
0.243344	0.9999997490288683	0.003084114946266459	0.9577495
0.243348	0.9999997490244755	0.0030810782384735483	0.9575459000000001
0.247693	0.9999997442476353	0.003137681043964137	0.96273
0.251967	0.99999973953873	0.003178455621452455	0.9597891
0.25196399999999997	0.9999997395420389	0.00318714376339613	0.9632924999999999
0.47287399999999996	0.9999994824830515	0.006239469221769063	1.0047499
0.472876	0.9999994824806029	0.0061553957783628144	1.0045271999999998
0.49076000000000003	0.9999994604963013	0.006368667310570236	1.007226
0.508292	0.9999994387740091	0.006602512203392729	1.0096174999999998
0.525321	0.9999994175131365	0.006788713380946512	1.0101056000000002
0.542028	0.999999396499326	0.007112339088713831	1.0257792
0.5578609999999999	0.9999993764431686	0.007160037542286646	1.0219112
0.5732109999999999	0.9999993568672352	0.007399427580955992	1.0249974
0.587905	0.9999993380065164	0.01582224462512727	1.0227841
0.5878979999999999	0.9999993380155296	0.00766452126122691	1.0327599
0.602155	0.9999993196022897	0.023202626174655416	1.0414983
0.602159	0.9999993195971079	0.008076490375330956	1.0363589
0.615663	0.9999993020532704	0.008284098994676609	1.0350932
0.6289859999999999	0.9999992846462965	0.008640078161931622	1.0498246999999998
0.641508	0.999999268196861	0.0087861064352857	1.0387159
0.653562	0.9999992522807443	0.009090906444036545	1.0475280999999999
0.665249	0.9999992367729109	0.009138891863788752	1.0489241000000002
0.665238	0.9999992367875425	0.012825818586083098	1.0552928
0.665258	0.9999992367609397	0.009839235210205062	1.0528541
0.665248	0.9999992367742411	0.011182985206324925	1.052323
0.665248	0.9999992367742411	0.010044019724503125	1.0569131999999999
0.676303	0.9999992220358913	0.009677809887854523	1.0573059
0.676298	0.9999992220425725	0.010908800337981056	1.0559938999999998
0.676297	0.9999992220439086	0.01040939680350494	1.0603616000000002
0.6763020000000001	0.9999992220372276	0.011524220282804786	1.0626206
0.696913	0.9999991943794826	0.010228292578109978	1.0638296
0.696937	0.999999194347141	0.01492271506774098	1.0625823
0.69691	0.9999991943835252	0.011166872709277482	1.0727228000000002
0.696912	0.99999919438083	0.011035551347739736	1.0730795
0.7151489999999999	0.9999991697138939	0.010575033763171591	1.0668672
0.7151489999999999	0.9999991697138939	0.010704109631693161	1.0744961000000002
0.715147	0.9999991697166092	0.0158204736771993	1.0872457
0.715146	0.9999991697179668	0.010940700069918631	1.0585528
0.732478	0.9999991461055803	0.011212151861283569	1.0809803999999998
0.732479	0.999999146104213	0.012317726842032787	1.0789296999999998
0.732478	0.9999991461055803	0.011658824962887527	1.0817228
0.747376	0.9999991256771011	0.011590686634733676	1.0815438
0.653623	0.9999992521999967	0.008825938017107989	1.0465645000000001
0.653605	0.999999252223824	0.008804948872434153	1.0494059
0.665194	0.9999992368460681	0.009087032356692894	1.0516187
0.665181	0.9999992368633595	0.009857811127854946	1.0528351999999999
0.676367	0.9999992219503718	0.009374015782335876	1.0583928999999999
0.676359	0.999999221961062	0.009392490615376798	1.0607674999999999
0.6866909999999999	0.9999992081255141	0.009576154591731334	1.0626388999999998
0.686696	0.9999992081188044	0.009531728813066865	1.0578523000000002
0.696973	0.9999991942986279	0.009785641917565934	1.0607309
0.696971	0.999999194301323	0.009804289879187836	1.0623343
0.706412	0.9999991815541829	0.010110565494782947	1.0717798
0.7064020000000001	0.9999991815677106	0.010339715745342955	1.0675589
0.706395	0.9999991815771803	0.010444578639078684	1.0681096
0.715171	0.9999991696840269	0.01047652649261813	1.0716306999999998
0.715172	0.9999991696826692	0.010315511299160428	1.069913
0.7238720000000001	0.9999991578506872	0.010822015679355371	1.0821548
0.7238640000000001	0.9999991578615863	0.011106818306155569	1.0725253000000001
0.723854	0.9999991578752102	0.010663534184362654	1.0828796
0.7324649999999999	0.9999991461233528	0.010889739697494885	1.0818754
0.732449	0.9999991461452264	0.01085553851624713	1.078406
0.740162	0.9999991355843506	0.011127296743938657	1.0833195
0.740162	0.9999991355843506	0.011497725169551805	1.0902778999999998
0.740152	0.999999135598064	0.011398104718403117	1.0846533999999999
0.747367	0.9999991256894788	0.011273725983191651	1.0846162
0.747354	0.9999991257073579	0.011271103321016947	1.0844398000000002
0.754572	0.9999991157660488	0.011630805019829988	1.0965287000000001
0.7602949999999999	0.9999991078634225	0.01179642886197275	1.0937689
0.760304	0.9999991078509807	0.011707991470048992	1.0855095
0.30685100000000004	0.9999997717907739	0.004659546004038852	0.958369
0.306859	0.9999997717843462	0.004680785989340652	0.9716498
0.306902	0.9999997717497966	0.004611048684426593	0.9716886999999998
0.306904	0.9999997717481895	0.004797963999466819	0.9740382
0.306888	0.9999997717610454	0.004727126594868262	0.9630379000000001
0.335383	0.999999748707687	0.004791017548022549	0.9658848
0.335385	0.9999997487060578	0.004764018330215741	0.9616279000000001
0.335386	0.9999997487052433	0.004773756835244459	0.9666968
0.33537	0.9999997487182765	0.004806258579608798	0.9690151
0.335381	0.9999997487093161	0.004756558116298297	0.9644968
0.36389299999999997	0.9999997253256347	0.0048365402861609815	0.9671409
0.363887	0.999999725330589	0.004887277879510902	0.9746955
0.363849	0.9999997253619648	0.0049030274061508386	0.9771636999999999
0.363852	0.9999997253594879	0.004914120026295542	0.9761796
0.363838	0.9999997253710471	0.004862788386157898	0.9727764999999999
0.391673	0.9999997022376812	0.004942650995057625	0.976468
0.391679	0.9999997022326621	0.0048351351398253015	0.9743272
0.391627	0.9999997022761603	0.0048535013986411414	0.9734478000000001
0.39163000000000003	0.9999997022736508	0.004948369814131296	0.9793358
0.39163000000000003	0.9999997022736508	0.004912641237979682	0.9804603000000001
0.42008	0.9999996783177063	0.004951562044888582	0.9846620999999999
0.420083	0.9999996783151637	0.007652861500676344	0.9836838
0.42010299999999995	0.9999996782982121	0.004979909841952065	0.9763129
0.420099	0.9999996783016023	0.0050309252986201316	0.9856101
0.42010200000000003	0.9999996782990596	0.005023136175932082	0.9909947
0.44709	0.999999655282474	0.005152405805758931	0.9891023000000001
0.44711599999999996	0.9999996552601631	0.005165962155952931	0.9928857
0.447114	0.9999996552618794	0.0051459933369592	0.9863841999999998
0.44711999999999996	0.9999996552567307	0.005166267906068536	0.9868700999999999
0.447111	0.9999996552644538	0.00520019502976821	0.9915869
0.47482399999999997	0.9999996313339948	0.003028529464121313	0.9925424999999999
0.5011399999999999	0.9999996083328446	0.0029797092734187075	0.9996550999999999
0.527449	0.9999995850680548	0.003066762626724913	1.0010398999999999
0.552353	0.9999995627971799	0.0031836155406858584	1.0101438
0.577487	0.9999995400755586	0.0033118536673861043	1.0217489
0.6011029999999999	0.9999995185018912	0.0033931187637444597	1.0149035
0.624893	0.9999994965494923	0.0035429545976445914	1.0247804
0.6468010000000001	0.9999994761386135	0.004307227054683815	1.0290861999999998
0.668975	0.9999994552894095	0.0038176785441308716	1.0329322
0.689459	0.9999994358589301	0.007166910361710781	1.0247591999999999
0.710104	0.9999994161102327	0.003722050104243034	1.0446888
0.7289770000000001	0.9999993979112315	0.003855164141771146	1.0517318000000002
0.748179	0.9999993792524682	0.004391413019904806	1.0574496
0.7656390000000001	0.9999993621616444	0.004222569768134375	1.0536858
0.72951	0.99999939739525	0.003999326046020121	1.0489386
0.086749	0.9999999392012332	0.006783571564526873	0.9488726000000001
0.090776	0.9999999363077102	0.006832444840291786	0.9639572
0.09487999999999999	0.9999999333523638	0.006726107910247229	0.9631343000000001
0.09904600000000001	0.9999999303456626	0.007041556581771579	0.9668025
0.103281	0.9999999272822357	0.0069401254312486515	0.9551851
0.103281	0.9999999272822357	0.006921308212175037	0.9522219000000001
0.10758800000000002	0.9999999241595638	0.006919694228119018	0.9512371999999999
0.112043	0.9999999209219887	0.006961435490811413	0.9587846
0.116275	0.9999999178393164	0.006975883562239635	0.9537795
0.120869	0.9999999144850616	0.006916727075550684	0.9489118000000001
0.12086300000000001	0.9999999144894479	0.0069401876662253574	0.9502749
0.12551700000000002	0.9999999110830157	0.0070123585080896925	0.9562009
0.130019	0.9999999077798122	0.0070556270649609005	0.9585269000000001
0.134777	0.9999999042801978	0.00713747524296975	0.9631949000000001
0.139501	0.99999990079687	0.00708543545781736	0.9599915000000001
0.139498	0.9999999007990847	0.0070493681572224055	0.9560591
0.14405199999999999	0.9999998974328879	0.006886177080197456	0.9514688
0.148979	0.9999998937818838	0.006955661564964289	0.9529386000000001
0.153845	0.9999998901668035	0.007141050486281317	0.9607075999999999
0.15875799999999998	0.9999998865074505	0.0070984927412461145	0.9598452
0.15875899999999998	0.9999998865067046	0.006989232874117389	0.9577245000000001
0.163716	0.9999998828050507	0.01123209954301068	0.9561666999999999
0.168723	0.9999998790563448	0.0071747269579650885	0.9596261
0.173879	0.9999998751858801	0.007266604356487616	0.9663042
0.17886400000000002	0.9999998714339368	0.007195319927560711	0.9640344999999999
0.178861	0.9999998714361975	0.007275992001582451	0.9642451999999999
0.18398	0.999999867573334	0.00734103357377425	0.970192
0.189255	0.9999998635820745	0.007338141519837029	0.9620780000000001
0.194348	0.9999998597182402	0.007400914463363804	0.9620504999999999
0.199733	0.9999998556218914	0.007427881382625454	0.9581048000000001
0.19974	0.999999855616559	0.003427721782371096	0.9592304
0.205114	0.999999851517304	0.003455530968936061	0.9628021999999999
0.210304	0.9999998475477263	0.0034301439885436056	0.9575107
0.21563200000000002	0.9999998434616866	0.0034516368973928056	0.959347
0.220998	0.9999998393353297	0.0035286741554400804	0.9666556999999999
0.22636900000000001	0.9999998351938977	0.0035279854275782666	0.9605408000000001
0.231783	0.9999998310079388	0.003571592057838044	0.9627747
0.23721599999999998	0.9999998267958128	0.004576613773257386	0.9565665000000001
0.242666	0.9999998225589565	0.003660580964090413	0.9583883
0.24814099999999997	0.9999998182910167	0.009361116159151077	0.9491936
0.25364000000000003	0.9999998139926153	0.003179725485628256	0.9645507
0.259154	0.999999809670663	0.0032340800625473873	0.9662445
0.264689	0.99999980532034	0.0038417663486935154	0.9670921999999998
0.270221	0.9999998009604517	0.003565335858830683	0.9642873
0.27579499999999996	0.9999997965554058	0.0038558260627302877	0.966088
0.281439	0.9999997920827093	0.0038719951835430185	0.962827
0.30381199999999997	0.999999774230712	0.004155559613217053	0.9668554
0.30942600000000003	0.9999997697205545	0.004245200531722847	0.9737222
0.30942600000000003	0.9999997697205545	0.004216168651904916	0.9672736999999999
0.315044	0.999999765194893	0.004301786863165947	0.9688991
0.31504699999999997	0.999999765192473	0.004312652958206408	0.9708413
0.320659	0.999999760659363	0.00442150416768359	0.9770481
0.320658	0.999999760660172	0.0043797806144256065	0.9726439
0.32628	0.9999997561066852	0.003974435652046722	0.9656123
0.32628	0.9999997561066852	0.004139881920833912	0.9626189
0.332017	0.9999997514473628	0.004637251420946619	0.9723019
0.337536	0.9999997469529894	0.004144647235521647	0.9674584999999999
0.34315999999999997	0.9999997423609034	0.004191186814400195	0.9715003000000001
0.348887	0.9999997376720537	0.004255105900717194	0.9709665000000001
0.354414	0.999999733134834	0.004173745278391556	0.9761457
0.360011	0.9999997285280222	0.0041872282722265055	0.968951
0.365744	0.9999997237966181	0.00427519562869702	0.9778404
0.371228	0.9999997192587297	0.005053284317206541	0.9717982
0.371229	0.999999719257901	0.005063674911486135	0.9728299000000001
0.376825	0.999999714615255	0.004959103812442168	0.971617
0.376822	0.9999997146177474	0.004882930496506259	0.9735729999999999
0.382527	0.9999997098721187	0.005061177437769655	0.9714620999999999
0.38252800000000003	0.9999997098712856	0.005205190825263587	0.9782506999999999
0.387993	0.9999997053134047	0.007505170731657486	0.9693504999999999
0.387994	0.9999997053125697	0.004760015470973434	0.9746961999999999
0.393568	0.9999997006517926	0.005332645529927258	0.9753921
0.39357	0.9999997006501182	0.00534668187301628	0.9797514
0.399138	0.9999996959822687	0.005404072924181014	0.9862232
0.399136	0.9999996959839477	0.010163019886979908	0.9779285
0.404683	0.9999996913216969	0.005457208784655902	0.9807695
0.40467800000000004	0.9999996913259048	0.005513775354091234	0.9813806999999999
0.41022700000000006	0.9999996866499895	0.006959141341282863	0.9884905
0.415749	0.9999996819849167	0.005684755367716577	0.9828429
0.415753	0.9999996819815332	0.006539706387287511	0.9816902
0.42115600000000003	0.9999996774054859	0.005775127947417564	0.9861728999999999
0.42115600000000003	0.9999996774054859	0.005726646294444997	0.97696
0.426868	0.9999996725553641	0.005828016399440152	0.9817614
0.42686199999999996	0.9999996725604654	0.012715278429401957	0.9673733
0.432252	0.9999996679721123	0.024586342539233353	0.9757779000000001
0.43225	0.999999667973817	0.005931220944860848	0.9841953999999999
0.43224799999999997	0.9999996679755218	0.005957489167326132	0.9873584999999999
0.432249	0.9999996679746692	0.005935248197592138	0.9846744000000001
0.43782	0.9999996632203465	0.008197176687995477	0.9798173000000001
0.43782	0.9999996632203465	0.008754710741813566	0.9791101000000001
0.730035	0.9999993968869046	0.007585859286201928	1.0472565
0.748648	0.999999378794938	0.008059565413726	1.0572143
0.7661399999999999	0.9999993616694837	0.00810877124244128	1.0582339
0.783591	0.9999993444652997	0.008410029226513373	1.0663135
0.7995869999999999	0.9999993285912394	0.00867887648749948	1.0713006
0.815697	0.9999993125032154	0.008983919509656213	1.0785791999999998
0.830341	0.9999992977913916	0.009280251880688975	1.0858136999999999
0.844935	0.9999992830466105	0.009496906953326797	1.0823425
0.858576	0.9999992691895839	0.010128410869298195	1.0863873
0.8585719999999999	0.9999992691936579	0.010255857487073224	1.1009686
0.871801	0.999999255685872	0.010567000672688773	1.0978231
0.871784	0.9999992557032739	0.010463008102373352	1.1068597
0.8838219999999999	0.9999992433523626	0.010776509874228714	1.107988
0.883818	0.9999992433564758	0.0108825671339045	1.1128885
0.896041	0.999999230757955	0.012229285788163732	1.1083516000000002
0.907041	0.999999219370199	0.011244367509852507	1.1183673
0.9070290000000001	0.9999992193826477	0.011143531404794429	1.1084113000000002
0.9173520000000001	0.9999992086528842	0.011472092757046177	1.1189033000000002
0.927436	0.9999991981314119	0.011696850086779984	1.1168822
0.927475	0.999999198090643	0.011749802104832913	1.1192436000000001
0.937444	0.9999991876500272	0.01285497128123546	1.1352468999999998
0.945952	0.9999991787088744	0.01243176597570328	1.137904
0.945946	0.9999991787151898	0.012684377020345342	1.1210573
0.954732	0.9999991694522748	0.012659106857864835	1.1366003999999998
0.9547180000000001	0.9999991694670589	0.012585928789146474	1.1294198
0.962743	0.9999991609801878	0.012919102657752589	1.1391209999999998
0.97005	0.9999991532307937	0.013117069108641086	1.1353836000000002
0.9700489999999999	0.9999991532318556	0.01320160794643545	1.1426356000000002
0.97005	0.9999991532307937	0.01317569849144902	1.1405261
0.977245	0.9999991455798327	0.014701517775767298	1.1508371000000002
0.977231	0.9999991455947397	0.015120371709567216	1.1542959
